"RelativePath","Length","SHA256"
"api\adapters\ApimartAdapter.js","16763","973252E5F04B778849C58474156FB355358BD024692E1BF886E1C69F9141E652"
"api\adapters\apimartPrivateAvatarAssetResolver.js","5671","E4DBD702AB268BFE035F3E8694941B415C2037A29C36FBE1CE6B23BC497391EE"
"api\adapters\ComfyUiAdapter.js","27485","C3B84AF2F1B3008CBC15FC3E0872CDBB602CDEEF46434151AB61A4D989C05475"
"api\adapters\ComfyUiWorkflowMappingAdapter.js","12332","FADE36E309EDECE1C16A06232D7F344AE1BBECBB5995CA565DA6E370E452BB28"
"api\adapters\GeminiAdapter.js","2487","4AE9AC14EADF7A9C8F70784DC83DB1CA9B51A450F12D20607648BE933DB4DB03"
"api\adapters\ManifestResultRenderer.js","4592","7EFA645B3983784E1CC73458996172EE725D1E7D8837D802F20AF8CE3E714263"
"api\adapters\minimaxH3Prompt.js","1330","49486B303C77AA6F036A420624EB4A15AFF819BB499C4EC48C57B749955D27B9"
"api\adapters\ModelApiManifestNormalizer.js","124936","DD3ECEC5D06F9C0354EF97D4EB3B726EC668986BBBE7DC423AA567CF462EB75F"
"api\adapters\modelApiMappingEngine.js","11703","36562E716A207F7B1A4968A86701CFF7360479F4A7FEF1757D1FD1E972010335"
"api\adapters\modelApiResolvers\agnesResolvers.js","5036","808CB68552BDB1F321DFD1A00D355EE57C4808F7769EBDECBE3ED19BA28B2AF8"
"api\adapters\modelApiResolvers\apimartVideoResolvers.js","36794","816C01AEFC031A0BE01D91E366465E900C26B5B1FBC216041E1D264493501763"
"api\adapters\modelApiResolvers\binghuoVideoResolvers.js","18464","D5DF0EBBFC31E21F465F953084B8BAF616C5BEF6A360024129CDA918E61619EB"
"api\adapters\modelApiResolvers\imageResolvers.js","43084","021686BBEBB2499B31D49C54A825658C0A850DCF847B994C009A41C21DAFFE1D"
"api\adapters\modelApiResolvers\index.js","1240","395408FA784EAD422DBEC91753AF08B4F06A30180CA4E293425F97326ED0404E"
"api\adapters\modelApiResolvers\minimaxH3VideoResolverShared.js","7681","15C0F16DE5C0019C274E917EA484244B83CE36C5373B02941D847824F7E1F98A"
"api\adapters\modelApiResolvers\minimaxVideoResolvers.js","3273","5B114DEBCABBCA7B8633CF5451BF9B3374B0DDAF50A877DB877D2B1DDBB10C5B"
"api\adapters\modelApiResolvers\registry.js","5372","FA60EE1D142AFC4A85914689EDBBCCD539DC5D404B6BE9A552A2DAB98AF7AF26"
"api\adapters\modelApiResolvers\runningHubHailuoH3VideoResolvers.js","8300","5B9D5C9F8F2A4199531147BE5EB915B7DB4A51B2CADC6F01D7BBF3E0F25135DB"
"api\adapters\modelApiResolvers\runningHubVideoResolvers.js","70048","383A980E617B86E122DB9C4095DC77D67D7DEDB42543479185AFC96B504780AC"
"api\adapters\modelApiResolvers\sharedResolverUtils.js","3441","88CA0F04756458724C0025A12BDDB770AF962B8FB22B35A0A411B39DF665F6BD"
"api\adapters\modelApiResolvers\textResolvers.js","1374","FE8A87D7D78ABD0484F53FE59FBFDE582D626670B3D7B68E9DA91029367198D8"
"api\adapters\modelApiResolvers\volcengineAudioResolvers.js","4740","7F84926AA57CCE077DF8B87D3A4BC62C86B2E992FCA68F8C9CB6205769A71D7B"
"api\adapters\modelApiResolvers\volcengineVideoResolvers.js","15346","733B8D5C47D226BDD04550F0B53937105E0765706280E729FE4A89AA97133EC5"
"api\adapters\PpioAdapter.js","8271","5771F02C22199EB18A6FA339EE0C2EF2F7B2437A93705915F574A6849C7A2490"
"api\adapters\RunningHubAdapter.js","40485","405B9856789A9F1AB5550532698AA59BB1CC3388B06CCC6A56B917E7F0457C10"
"api\adapters\RunningHubWorkflowMappingAdapter.js","12010","DAF2704FBEEEB94B93EE43C4174FA167AF642DE105D8C42968B485AB8C5DDF47"
"api\adapters\runninghubWorkflowResolvers\index.js","31565","A268C20589E856AC6D3DFF99F443B70CA1A112C0DECAD74C625A73CF9C5E4080"
"api\adapters\runninghubWorkflowResolvers\runningHubHailuoH3OmniResolver.js","14315","76880C1568A13D8D4CAA32D00F23EEE357BE2E53BF462C3A224DC14970854174"
"api\adapters\textStructuredOutput.js","4406","51CA1C7F33DC3F5C66DC8B8F40887FD7FFE45EFF958B06C9488956533F0BEE68"
"api\agentApi.js","42891","B2ED1C85568EF50A4BFF8A797B00FD4EE6F5F289ED80108DA18491E1B0ADE832"
"api\agentAssistantApi.js","7679","CAEB7598B97AE7BBA89EB731AAB0EC06C6D1B129B19BA73E88DDBC349FD08DF1"
"api\aiAudioApi.js","68194","8285096DFDD9EA4B6B7D5AA03BF5A7D80085A6AC3EC91CD9103D44015A14066E"
"api\aiImageApi.js","93537","9D95458A56E8365288B9DA9D10933793AC22D4B84F42EA79DA60C85F37B96AD5"
"api\aiTextApi.js","64310","877EBD363E9883DC93B4B01EAB210BBE129BE64D2C003ECC44BB5F9B16DB6B3A"
"api\aiVideoApi.js","76980","E570B30E4B0D54FC166DA795DD7AB130DC22D792860C980F59805232BAEF93C8"
"api\apiBase.js","7330","744988B0B640074E011F1E7314C4C6C7DB1609558AA7B48499B2F3B7DDD566C9"
"api\apimartPrivateAvatarApi.js","13318","E1B7BD7A480CF36D8F1EAAB40E73C6125A10DBFA3324C687711E4E7688891D64"
"api\apimartUploadApi.js","5011","422C8FF378D9F8A482AC20944684A9A49E1161D246C5B3819967B3E280C908F6"
"api\apiUrl.js","1503","363BB13F3A89E42550B7BFE3E96DCF2FED41B0ED211054AF5714C920E904C101"
"api\appActivityApi.js","1842","AC9C50445030E8FD85DFDDBDA0F92F01061F6D508A6A7137D5ECA3915034B81F"
"api\audioUploadApi.js","9975","7D17E958068CF225833F6F2E4BA7A75F8EB4F8B53203E77D9668C9E19BE3CBB1"
"api\audioVoiceTranslationApi.js","2759","C6252DCDA638F897CC4CE5F23B3AF1FBE463D77F5F12E2FBC3BE5EC427AABB5C"
"api\cameraPromptApi.js","5017","433B617662205829D1EF2EFD4CFDE8FD0EB2C2D058EB4D50470818DE66899641"
"api\cliProviderApi.js","5336","8E24D7EBB2F2C4133D5D8057E62AA561E75BCB01C37F0EF70FDA28D5FFF5B0B4"
"api\comfyUiUploadApi.js","8735","0573F51C5CD5CF9CE3C08692A282DD1CA0030E28C60ADED1F5338FDD467C5C68"
"api\configApi.js","21090","02C20D6543CDCFA8FCF9A9169749D9D3F941761ABD29CD6DFCD3A8E3D42AE9DD"
"api\connectionMonitorApi.js","3551","E455A3A4102514BB254FD3FB2AFD98138E37D9D9729CFB20055903982DD63562"
"api\customProviderAssetUploadApi.js","7698","1BF383ADC8678B9578F0F9D7870D63809F7D06184A648AF356AA7DA401C7E429"
"api\customProviderDiscoveryApi.js","30167","E49AEA3891EEE6630166CDDBDD41C2B42E8946497EE39AE60E85D018A3CBF93F"
"api\dreaminaCliApi.js","6041","1463AA7980D24271EF4F3F87DF1F046D9E73E11E12A74C3B3949D33D43DAAB50"
"api\dreaminaGenApi.js","40309","4C66AFEC4455A83CEEEFC6497EC3841DFC081D05FA28D7DB9D9A36B61E5ED55D"
"api\errors\ApiError.js","8164","12EF911726C7F8C917FF4319E7E9D43C94FECBAE5414596AD415923234604482"
"api\errors\ErrorParser.js","11253","5B53F50B5AC349B8B37FBA8701A2C302B49DB9EDD4B126218A9E5B7355C1642D"
"api\errors\index.js","1174","6D7E3533BBB95C2E26BB9B45A39AE6C3863F9C3BED05C1011033835B52D7189C"
"api\errors\parsers\AgnesErrorParser.js","8290","B63DE2158D72074A2AB2F3B8790C127D5F1BFB7D444B67CCC724BC4F8B56AF45"
"api\errors\parsers\ApimartErrorParser.js","10619","CB90DA739E40339BFA05AC3AD3ADAB6982B75EBB7DCE392340CA911AB2C8EFB7"
"api\errors\parsers\ComfyUiErrorParser.js","8920","E2754C9BDC974B815D5A64A9B28CF202DE81F354888E3567170CFB3B63E6C6A0"
"api\errors\parsers\GrsaiErrorParser.js","7034","8546F4BFA1F48B0799937E2B1EE3CB1ED507778DEF8EA237F353B347497F4B69"
"api\errors\parsers\PpioErrorParser.js","11618","23FBE1D2B06D2685240CAB01A598A3517CA4AC11EA9922C50DC5213C01DB1BAD"
"api\errors\parsers\RunningHubErrorParser.js","17812","B38EA86ACB7D861726C5F7AC8FE6A182DD7569A6BC5DF903B5F87CCF10933394"
"api\errors\parsers\RunningHubModelErrorParser.js","11579","1442F39CD243D30C8268C1D5BD3DCD2E3496795B8C89EB693A0FB98E910D0688"
"api\errors\parsers\VolcengineErrorParser.js","2889","0C796CC76DF45521BE5ACF4B5111FC14727A4945108E41FE3878F65536049976"
"api\errors\parsers\VolcengineSpeechErrorParser.js","2503","095BF5489352CCE24BF2434CAB446DC3256BB8662920027D4CCFB351CD5786B0"
"api\freeImageHostApi.js","4257","D1D54CAF6E8D48D0CC21121CDE4905F088EDF26A64C9C462602D969736C62498"
"api\imageRatioPolicy.js","18015","0595650C5441755F69E6F7D91CBE10BF805B030475454523C6DA6A4704815C2A"
"api\imageUploadApi.js","18442","69304FB75CC7EDB8CFDDB5009FD604C5EA9216CB55C9919BBD30EFAB2A2AC7FD"
"api\index.js","8470","8E086CCD5DE112210729F5EEE9EBDD7399B905BBF8AAAB919EE7B48C9098CBA3"
"api\legacyProjectsApi.js","2255","2D943E32E1AC445A0477FD21ADB246FE4320AFD55D4119CB9728792691B10AA2"
"api\localMediaPlaybackApi.js","7721","25D862950C02A8D7BD2104A20D7FD65FFF50BB3258CF9FF126D9033921544E15"
"api\localMediaTaskApi.js","15297","095B9DFBFC908DB38D2F9746BDBF98379725263C8DBE9CB52DDB635C000FC6E6"
"api\mattingApi.js","3182","79A3F9BCE7A41698A3094F20825FCB2D517D1079A88FD761F1F72D95B2784959"
"api\mediaInputUploadRouter.js","9411","399AE0379ECC61D85C085DB864D22E4986DC8E5CF86B7642E8AF3A2B7ABAB962"
"api\mediaUploadErrors.js","2165","00463C8EE2ECEDC8C2851C3C6B1B0099D8A51EF9578A461E29BDF28891A8BBE4"
"api\modelCatalogApi.js","4122","DF08CD7A69A666484118375BC7E418FE0212C5F2A31C02A550CC26CDAD1EDDF9"
"api\objectStorageApi.js","7716","BD718CD5CE38FA4DFF6C0129B4558C629D9E938B980E6B8AB9D3E78382BB4C9D"
"api\objectStorageProfiles.js","10543","7A4B5F46F90180AC6FAEB34F1C748027D169A7D31D54401C16C9F59F70FFA4D0"
"api\openAiCliImageGenApi.js","3809","FD1B2078B7BE7BB503E207DE7E8145E5973FDE3A8D10F6155EF0BD55A654CD1A"
"api\personReplacementModelPackApi.js","12531","DEF808E98346B1B95ACFB4AE7DEF431CA5CA32AE9A036F9F0014A4B4852F80CB"
"api\personReplacementWorkspaceApi.js","1903","0ED27B6AB7D7D8E28CFF541F070057F652B8E31414FB5D5F419A88FD1F79560D"
"api\projectPackageApi.js","2668","3F99165F614C48E9B729CD9DA2D99725F697CCC6A3BB18B6A4D97B398ED0CC94"
"api\projectsV2Api.js","24969","7DC7BD3EED09984291B52A2A0EB5CFF13876A1CCEF964C3CEDB3928ECC09B796"
"api\promptPresetsApi.js","2376","57DAF1EA74921708F5C8CE75E0A387B85A7E4F6B3D4476C231CBB22966E37C8A"
"api\providerConnectionTestApi.js","59738","1A96B16B6200EF808C320FEDC8F34156E675BE3A6A0B3A485B39177D9381520B"
"api\requester.js","9287","3AE233D4149E4F59D020B3C7DE75ECF3F805DA7213DCFD0688CD815A98967894"
"api\runningHubQueueStatusApi.js","4298","5DB103B7CBEC3FFEB6F7B53C1D750DC369FDEEDB789884304D5EC2BAA084309A"
"api\runninghubTaskApi.js","2640","C0080386B9FF487CA0A0F15E095205A22C38DE5AAF1B61255A473F2C0DCEBF51"
"api\runninghubTaskLifecycle.js","3138","8B5D47549904139B13ACE580384648D50F5B7A6123E947A0AF51F441C0FF1320"
"api\runningHubUploadResponse.js","3200","EF27E00336FFEF0BAA023F91D46FA6448EFC288A4266766BAC8C876E4F787465"
"api\runninghubWorkflowApi.js","9504","CECA83D221E401AE827736600F6DA2311BC684917296A539ABB15F460C82A1C0"
"api\runningHubWorkflowPollingPolicy.js","2723","F3BD7BF49C9AD0473CDE690A01C8A2FAE7599AB222048EE8210283A152EA742C"
"api\runningHubWorkflowQueue.js","17607","B84EDC32EC5D4D724F3B8ACFC80610D6CC8ADAFB06E107F5A309595861EFE900"
"api\runtimeApi.js","1312","035D6EC597489FDD98FDCCD0942DF470AE35CDB531FD67CDA4B7140E044FE5E7"
"api\sceneDetectionApi.js","7475","67CE00E9D210512033A1BEAA8476CC6F39A83B75759C3584A4109D99161CFA28"
"api\shortcutsApi.js","1738","FABD1919C4019876FE9A3E62C5D025DAEE4D1AACBAA8B5652048FC85EC84806A"
"api\story-generation\storyAssetExtractionRequest.js","7481","5BAD8C305756B53F157683778E57185FEDFB94700E9237BDE02041413E6B5177"
"api\story-generation\storyAssetExtractionResult.js","23911","421EE0419844F6FDA54FE69E3880130B70394E40D55E7FA8CBEE9F6AFBE60F41"
"api\story-generation\storyAssetHybridBudget.js","17649","EAF52D38C90CC965F5C2AC72AA51F1F7099D9F69F599E75B0C4BCC23892D81D4"
"api\story-generation\storyAssetParallelExtraction.js","40369","27AE1CC4C2FB62298DC3B827BEE82C7C9D726A8AC71C92C7855757DF0FF99141"
"api\story-generation\storyAssetRequiredContracts.js","7672","C6AAEBC45F4800D8A54C913DC10B81DBEAB8A99140ABFAF401A525E72747A0B1"
"api\story-generation\storyAssetRequirementEvidence.js","34370","DDD13A77A214C12AD669DD5945DEFB1378F75747D4F3F6BEC3BD850B125614A5"
"api\story-generation\storyClipAdjustment.js","21773","E103EACF020E77589CAD904A0691992605783A833EE1AF0080792C8FBCFB21B8"
"api\story-generation\storyEpisodeOutlinePlanning.js","43643","FBAEC372C28DC4BEF4F87C701D6419DA372A754284409E01C645D900DDDB9EC5"
"api\story-generation\storyEpisodeScenePromptCatalog.js","3436","82F9E274EC73C80E45B036E764D5FBD019125178FAD04106F110807349DBB6A8"
"api\story-generation\storyEpisodeScriptPrompt.js","17968","C9087A6B5AD011DD3E8DCF9752551A6BE336E8E4F28AB30F47D55DA6EA047FA4"
"api\story-generation\storyEpisodeScriptResponseRecovery.js","2052","F6EEB3BAA36BAFF1C54F620799FB2D57C01638383F5C2E56ABC4D827F014D61B"
"api\story-generation\storyEpisodeScriptTiming.js","22419","9AFC29ABF1422AD1604004926EFE88F35DD207C46CAAC0B4AC59C93217E3F48C"
"api\story-generation\storyEpisodeSplitPartialRepair.js","9668","9072584B1A1097D4196B949C47DFEAD25BE77BFC47BCB89C5528AF3757373ABE"
"api\story-generation\storyEpisodeSplitQualityApi.js","2645","B16687ED84B521EA7D27F8E795703BE819286A420320864A645DF92E7BB479FC"
"api\story-generation\storyEpisodeSplitQualityReview.js","39387","56608E3EE8966C9130B43708F65F798E37D097E91B6878E0B5E6A0F054C00238"
"api\story-generation\storyEpisodeSpokenTiming.js","8112","447AF37B7FE7686099A41F72EC7640F8A7900F3D84B32426F625C3322F326563"
"api\story-generation\storyInvocationEvidence.js","3140","728F47BE1BE11D1460EF0F0CC98FB3A6CA102BA885B6EB493674072E180682FE"
"api\story-generation\storyPromptModeRules.js","16832","C94FE7F8DA7BBE3334ED19735FA406AD786AECAB4C04D2FDF9A6F401776DA2FD"
"api\story-generation\storySummaryBlueprint.js","19827","8DEE0BC43349C4B145DB3E78F410B4AB29D0E08018E877C401D06A0BCE67FE77"
"api\story-generation\storySummaryGeneration.js","5350","DB490393FA7CDC9B56186A40DE2BD59D6757AD42DEEC31697A4352257ED86C0B"
"api\story-generation\storyTextRequest.js","4228","63F9A72915C693EAF18AA05E047679F0B269559557A9F660E2320C2D2504685C"
"api\storyAssetCandidateLedger.js","18833","40C41C0FF824A11A645D33C1DD678AF2CF9ED63423E1832DD556E6CFDF51E10F"
"api\storyAssetEvidenceDossier.js","8262","4E6229B1AAC50D021B260771AFC9CE8EF392402424A272BECCA2024FD526AFAF"
"api\storyAssetExperimentalApi.js","203574","7A53FECC64B8C939DD5B247470B721714738B5D2D68A928605FD4EC92BBE92E7"
"api\storyAssetHybridExtractionApi.js","75958","47074BE26E85F0BD2FFFF95DC985B600565A6E036FEBDA3801762C85CC74DF31"
"api\storyAssetLocalExtractionApi.js","12510","72E29F348FBF31EB51A5DC8E46AAC10D3BE560B2A2A643A520D2EBBE0ACFE238"
"api\storyboard3dModelPackApi.js","5478","9B8F564837D681CB508CFC605283E58A1ECD1CDDC4A4D4D52974381A5BD24848"
"api\storyboardVideoFrameApi.js","3347","EFF82702B10022A87A5DE675F20455C9ACA42BBCFD74EF2DD60CB1D93E4702D4"
"api\storyDocumentApi.js","3870","9A07F4E7EA8F9C970D120D4BE2C912B3EE34D2FE30765C427EBC1B4D232F8940"
"api\storyEpisodeExperimentalRequestQueue.js","2314","E14DEAA85442945ADF124B8B0262DF72538CEE78C65D98B31A2178987D9EC301"
"api\storyEpisodeRequestQueue.js","2205","CD4F2EC2BE3B52E1C59B86D977283EEB621C4460AFC853C1865AAC10FCE597F9"
"api\storyGenerationApi.js","340132","5BB3B727D681692773870B544F4EA8307738A69A6C83833C4793370B2C45506B"
"api\storyWorkspaceApi.js","1639","E3619A527344BAC61E7537B9E797056B8BAC076DF981DC9EFE0F463633C10C83"
"api\subscriptionApi.js","3253","5C7D35B85F852710E479AE9DB88E19B3203B84941F8D024B9DDC9903527FB735"
"api\taskSingleFlight.js","2645","641017B642EDD74B9D8DB87DA51CAA7118D632561DF851768AD091D23196F2D7"
"api\updateApi.js","2272","023C99538956A1C76B0A90551588E5028E558A27B130EF50D803A60899034C18"
"api\userSettingsApi.js","2133","CC40022CD51AACA502811D5403850E9ABB5FDF34C56F7747829DBADC90C894ED"
"api\utils\storyAssetPublicText.js","3485","506D04F47756564AF3FFF98A2E5092EF8C17ABE0DC6C663561E9E620C7611A78"
"api\utils\storyGenerationValues.js","1656","3A793903D134156DA07A4DAD33E24A2895B5E7220E1D11EA02ACB1467FA0D505"
"api\utils\storySceneIdentity.js","3838","9D750B2B91883708DA5A3C45F513D90FF345A7D4271A95E78576B6EA9D6DFE45"
"api\utils\strictJson.js","5291","991B9DA7BC57B94FCDD491F157791F17034540E1A36C9DC0DCCF83D21847753E"
"api\videoAudioSeparationApi.js","2271","0724B8C09DC985BFEB0240EDE5DDE87F89CAE0F16D14DB5A73779E3F5B60B60F"
"api\videoMetaApi.js","2715","A6FFE74BBC102D45C97A586C2950E5E8AE31ED0EE7793D1652F14EC2872A9814"
"api\videoReplicationPromptApi.js","3159","083AB3D80C10D876777A65B51D25D209AFB1DD93ED2FF4124BA873F7B9272E76"
"api\videoReplicationWorkspaceApi.js","1668","9F7D16A57F48982460CA23A870B7B8FA21BB33282906FB1EA00A66747BFD77A8"
"api\videoResultThumbnailApi.js","5102","2BDC61E464FD876DAA6A973C1C1C071A9331902858BAC835596777D1BB8F9B19"
"api\videoReverseApi.js","2232","DBF24AA57B5E512C08D656387956634085E1C6B79B76E9849390D918407502FE"
"api\videoThumbApi.js","3327","4ADEB42FA8613366B6C8B02E6A529FE1EC839E389D3C8769523B51C836AA31E0"
"api\videoUploadApi.js","15824","9466A9BA5DC4B78BBCBC0D687C362200B34FA2C2181F5642DE2F0CAE95682595"
"api\volcengineFileApi.js","8685","EE1F90B864BBF4D4CAD7D417314CDF222AEA50952E29895BEE830DA69FEA9E0B"
"assets\characters\quaternius\universal-base\SOURCE.md","566","462C8473203DDCCB73E34B6B63DA01F7AC5B425F1C9CF7A2F53D275CF2C9B6AC"
"assets\characters\quaternius\universal-base\Superhero_Female_FullBody.bin","990808","3A8220A485B33D05D879115A50697728B45A151781106033AFB8B8C243FCA208"
"assets\characters\quaternius\universal-base\Superhero_Female_FullBody.gltf","31656","ADEDF28000A0716F689B009A70314506FC62F827498F77BA852ACB5610F3F3F4"
"assets\characters\quaternius\universal-base\Superhero_Male_FullBody.bin","720076","459003F9745853AE562A85506A2B94DD56515C1F37728F9FA3D2CE1A3E4CD92F"
"assets\characters\quaternius\universal-base\Superhero_Male_FullBody.gltf","30989","E7FCEA214ECF8855AFBF910B50DE6F9C7D1DECFB71CA28BAD8A4481452DAFEB4"
"assets\characters\quaternius\universal-base\T_Eye_Brown.png","35958","D08E3356A83211BC6CA21FE3A8E39F4B5C1A3B8F85457FC2C0FB57BE09935025"
"assets\characters\quaternius\universal-base\T_Eye_Normal_png.png","15099","9ED61F7726A54FE346A78B9E5A18905D8E2B88F86235D97F53CD207A26F3F8C7"
"assets\characters\quaternius\universal-base\T_Hair_1_BaseColor.png","1570376","BC7AA863BD22AB0A995CD838CCEB4D3A5186EE54EE2FB0108FAD85D20C057E6E"
"assets\characters\quaternius\universal-base\T_Hair_1_Normal_png.png","4326126","57FD0AD8C96A4D01B38769637E066CECAA285B456F6E48CE00863754A457AFFB"
"assets\characters\quaternius\universal-base\T_Hair_2_BaseColor.png","1729467","F9F4F2FB3EEEEFB0B6F0FDEF38B0770FD6607640C1C680B8139DD76697E9F9B3"
"assets\characters\quaternius\universal-base\T_Hair_2_Normal.png","4710013","172F230AAE0D4366C3CFC0402B2E6D1811B11F8487344BFF28605EEACAC1558D"
"assets\characters\quaternius\universal-base\T_Superhero_Female_Dark_BaseColor.png","1319410","D366843EE7D9E9F37EC87A0E1C98C7F2E45573C08EEB80A51A6D9344E68CF288"
"assets\characters\quaternius\universal-base\T_Superhero_Female_Normal.png","3940537","CF922460B43CCD31E983E34DB05514C9D451DD2F9CDD01A843978E797719F859"
"assets\characters\quaternius\universal-base\T_Superhero_Female_Roughness.png","3277022","D2BEABF2BD0313E32C68DCDBB80DCA371A6E994FABF96EFA97128BF9F14FA57B"
"assets\characters\quaternius\universal-base\T_Superhero_Male_Dark.png","1384380","DF680CBC1967A61E85998BFAFB8F7BC0A36DD604BB3266486C4B06B1A184BB45"
"assets\characters\quaternius\universal-base\T_Superhero_Male_Normal.png","4252937","9B25CF9200216EB754B79CF4C63B5380C419780788322F3C57CDD2B3E02679A6"
"assets\characters\quaternius\universal-base\T_Superhero_Male_Roughness.png","3152049","C70DABF48574CDA55644D556BEAE1EE7CF1BDCF68A50D259D20F2F2358F27991"
"assets\models\pose-landmarker\pose_landmarker_heavy.task","30664242","64437AF838A65D18E5BA7A0D39B465540069BC8AAE8308DE3E318AAD31FCBC7B"
"assets\models\pose-landmarker\SOURCE.md","545","B58992C82A3DF9D6920A6F9989B71878C32AC97F847690179478CBE800C08087"
"assets\person-replacement-orientation\NOTICE.txt","869","B336F1162ECCBE43BA0B107E0CD1D13062757928B450FC63B7AECF582A0EF482"
"assets\person-replacement-orientation\pp_lcnet_x1_0_pedestrian_attribute.aicmodel","6894213","E44972E4DCFE78E124590949B0193A3C84E559B433C6CEFFCF54DDABF8208985"
"assets\sounds\notify.mp3","74396","85C045D17E860E2CA5549E633CDF4DF3E8462F30C099295EC04E9FF86628770B"
"backend\__init__.py","46","7B2438A0AF7CBA3ED4011060BEC85D1F5EC7950DF637ABE9D156AFEF2278D259"
"backend\services\__init__.py","54","D07C455C040C2C2B43423C3E2554EF04ABEBB3C64AC55CB0B493D47B19A07569"
"backend\services\funasr_transcription_service.py","13845","4FF8CA7A58217B7DA3A55B882FDDDC4D6BB400897019CF8A2CEDEB2AB1FDFF20"
"backend\services\outbound_http_transport.py","9419","5529354BA1433DE407DE6345B37B8817CAE8EEE699C2B7C616F2BAD3242AB63A"
"backend\services\sortformer_diarization_service.py","13954","9F040EBC263B2E34E34020266D6AF332F6895EF4F0BF72504A464A7B9120747D"
"build\app-icon.ico","52851","9DF845CB695605968D7274E43C103F5604102E8C3FAB72C5089CC4EC16CB56A8"
"electron\appMenu.js","2621","4093E5B40307636EE72A1CED7527C3CCBFF620026AA29E468E3F4E4485FE4265"
"electron\asrRuntimeResolver.js","1349","8102F73F8B5DF3538DDBF22CA823186069BCDD31D8EFE7570CA7223617A58776"
"electron\assetDerivativeScheduler.js","3431","1C284734968B67AF2C491760A829EA526D9AFDB8496BF5ED5BA8A8B0F99EC0D7"
"electron\assetIndexCoordinator.js","3717","B26C432FF16D5EB659BD750FA5DE934FE2BAC9839754EFBB83C32C85943FEBD4"
"electron\assetIndexFileStore.js","3327","F0E7349A8291577A37B4B287198F9DCF4830FD49DF8D2288659C13E8CADD4941"
"electron\assetOriginalStore.js","12298","A7C5F86D2165E4DC3C771C374A09931C7BCAC6C647695946CE9C39B6C0F16443"
"electron\backendLaunchResolver.js","2167","3D7225D179C78C473FF5CD925D48F2FB6095A7413B8332C690261F2A842EA25D"
"electron\backendProcessIdentity.js","9220","A85B5331F6379CA19190B906F6AF76A7C6D08AEB311235FA793EFDEC70E5BE77"
"electron\backendStartupMonitor.js","4399","8E1206160820E06FBD35CAB890ED023C6B604048460631F6EFC62EF2B972A2AB"
"electron\backgroundCompletionNotification.js","6085","8E60271D8598D7F5A982CD5DD0A9CE232AC3B6EBCB7DBB0FF98E5014B0780014"
"electron\chromeBrowserWorker.js","4108","67F0EFB2478D7DE6E1BE847B265383B0FC72720C8472AD7833B82C4A617A0684"
"electron\chromeCdpPipeClient.js","6842","2BCA8953913CD43B2F527483DC3728A340F597A7A35ADAB906F23274E9322D16"
"electron\chromeShellBrowserVersion.js","10672","991C982C0D5BBC9C8D9000051D750AABEFE796414FCBC7EBEAB3FC65DB4672D0"
"electron\chromeShellLauncher.js","52888","37ABCA0538F24E13914B5482C9CD4E62DD6C75FD54C46BCB029ADB450F879991"
"electron\chromeShellRuntime.js","11478","721D765D0AEEB43C26C12F73AE7E24205F6CD758DCF2A4602F04E329B6018354"
"electron\chromeShellStartupFallback.js","3559","9721B266B6928A2AF0ACF48B1A080A3346DC99DDC0C6824B881E4370DAA283AD"
"electron\chromeShellStartupHealth.js","5701","0E03DD25EDC6EA19C8D2E01394FD472B3CFB7625A0998A7E9D776739FE1EF296"
"electron\chromeShellWebPreviewManager.js","31462","9F2EFB9B63456DD79D974B7E13184E382600AE2572CBBA6F8C383E2FAFFEF91F"
"electron\customAiAppStorage.js","9640","29D937BDEE2207A92F605A2854F4444EEDD8666BCDAE56DC6202779BDC9075D7"
"electron\desktopHttpBridge.js","21667","049FEAF9C18CBFBD9A2B14BA0C915A34AAE834750432EABF7F8F3CD81B226AEE"
"electron\deviceIdentity.js","5788","0FBBB454F281E6F978C5063DB25413A004C51FE47284834DE345CDDDA989811E"
"electron\devReloadShortcuts.js","2916","ED2F8E16D6490176D9F22976E44B6389417321639281F495DFC9DDDB4BDD8CA9"
"electron\diagnostics.js","25683","E7F9A6D94F2DAABDB79623BECE07ACF820101BA3E9D970F854D32AD910B4D338"
"electron\diagnosticsCapabilityOperations.js","3086","0528E55124EC5155B9EA53DFD6C6A0119D0A7D1F06089B6FD99F9383E02A8BB8"
"electron\dialogPresenter.js","1405","199DAB1D6423DD4C533FF3AFE0810E07E70FBC9DB1AE34CC9B46FB3EA99278C4"
"electron\dialogPresenterCore.js","4452","BA1909A3E21EE5DB63C6D7568EAE14BCE903785EE8216D7233D43FBA8D27249B"
"electron\doubaoAsrConfig.js","3913","D90422AA9AD640DE809388E68FA215E173489A23C406CE13FBB1BC892BAE266F"
"electron\douyinWebPreviewResolver.js","19508","9BC8E3671C205A0F92CE5EF0912EE119BE212A45646CBDD74F1FD6A7B63285B3"
"electron\externalLinks.js","1912","FB743B313439DA0ED9FC0EFFAECF3CA1179FBE672F1E6446EDD1939A632C0358"
"electron\ffmpegVideoEncoderRuntime.js","11450","20E16BCB960DD9212A1E7872CDBB321E1A3CB390FE085332FACDF10AEEA7E357"
"electron\fileSaveSettingsReader.js","1736","A9149D525EE8DD3181B9BF2D1D9ACF9E40CAD5F7DDDB829DBC54784672BE1F4D"
"electron\funasrModelRoot.js","3734","972075B785D4361CD2604CB823853F0FBB429F3DCD7D2FECF187FF491FEF51E4"
"electron\ipc\appIpc.js","2496","9373A832DFD01FE4FB0273B947992C593AE481351658F8C2B742D4AA94CA8D8C"
"electron\ipc\canvasVisualSnapshotIpc.js","4728","DCF9E98CBD609E851D92AF38963A2A092F8FE893CC972DA2FB2D4AFA53F095F3"
"electron\ipc\clipboardIpc.js","5061","649591E4C9B527B91F48F0954E1F8796245DE02B5769C0D01BF967168860A77A"
"electron\ipc\customAiAppIpc.js","1817","67E284A4DB85F4D5C6DD8BB7634AD5A5F1942C25D6BD8FDC0946C171037EAB73"
"electron\ipc\diagnosticsIpc.js","2434","DADA5002BA6382ED10EC3DF228786EB596C176FFBF9CD9F1E395828C69150711"
"electron\ipc\fileIpc.js","5560","45ADE3CFFED3BEE2343BA4440ADDA430CB46B9FC4C06AEC79344FAAD39E21338"
"electron\ipc\localAssetCleanupIpc.js","1784","E7C2AC3AE29F49DD519BD0BB2817C09E444F398F135DDC79A6A400E851CBB820"
"electron\ipc\mainIpcSetup.js","6922","EFA96E17970B9372BE621276AE5A246E23C2EB05F9CD2367CC55DEF2E9291575"
"electron\ipc\mediaTaskIpc.js","1920","FA19B9A9C353A1323B63798444B76BA558DC466F47385F614FD0B90FF70D6748"
"electron\ipc\nodeExportIpc.js","2249","5FEDEC890104DCFB2B103CF4EF03F4393DFD08F1EB3FF84E8F29D116B869F0E5"
"electron\ipc\projectIpc.js","3144","52C041DFE3A0375979FCF23C6D0089735B2C71515DC350691B976E7E976A80F8"
"electron\ipc\registerIpcHandlers.js","2555","2F6213970B02D82991D8F69F09A53D43D9EAD87D3065A0D0646B5654AD0C6D83"
"electron\ipc\screenshotIpc.js","2331","D2D56511BFD0A326A1FF97C63BAAC669B8737B0306D8F49B5C7918D5A8B037AA"
"electron\ipc\secureSettingsIpc.js","1709","4AFF2CEB5A7160859C95B1478FBCE8B6C8C309F972AA2CBBB79DED1A19373C32"
"electron\ipc\webPreviewIpc.js","2172","332498504511A04D74A8D99CFD7A3B13C8C61AC5A5BD22DE1DB6A9C847EB1DE5"
"electron\keyedOperationQueue.js","2676","12C21356DFD7358ABB09F4756CC0FDC356CFD3485CBB00F8A84A0BF259B8270C"
"electron\legacyRendererStorageMigration.js","9433","F3F7E776E61AA6C01175B5338A12C9B237D3C774B7F260C4942C41BB0D9FACAD"
"electron\legacyStorageMigration.html","200","1114CA37B36D698B314674CBD0C38D5705DEE8F404535D41BDEAC6AE4762DBBC"
"electron\localAssetCleanup.js","21425","81EBBB8258D165D4679B1EA390B26DFA4DB0DFA8E071474D648FA48D00DD5C8F"
"electron\localAssetCleanupRoots.js","4403","58CAC7AC5D453D0EB62FD244B44F80111E26ACB81F7FB04329E378314AF47C31"
"electron\localPathContainment.js","2107","39C6FD9ED7C560E2FEA42DB44C6B68DC9D55398C9AF87C1BCBE73FC07DEA5DD7"
"electron\localRuntimeKeepAlive.js","3801","B31DFF604BB5E04749F8EBE430FA174B7EDC63EB8AB553DAA21F526A46DB9CC7"
"electron\main.js","117693","172FA5EC7A4186BE54B91211829727293392FC173541F4E4E492184F3F33B460"
"electron\mainStartupHelpers.js","5689","6FF9BBFFCBD148749C17084C635A71AC283583C49F46E72C72C2D01BA8687909"
"electron\mainWindowActivation.js","2656","DE3AB887B04F4AEA6E1164603BCA1289F30D5710BCFE9506C32E47F8B9F3C316"
"electron\mediaTaskQueue.js","20515","39C634A38A2CCD2453EBE17CAD56F415077CA7ABC3636AE60B2D9BE2BC93294F"
"electron\mediaTasks\asrRuntimeInstallTask.js","12950","6FFE6E53D65C9B4E127BA8D73A4C54FC2DEBE6F003C53F3C5EF2C28358F9E01D"
"electron\mediaTasks\audioComposeTask.js","4783","1D17E02182383F54229843BEE720B1B683884A50B1F67CC0FCD7877A61F9774F"
"electron\mediaTasks\audioVoiceAnalyzeTask.js","53170","7012AE56D7FB18D69F7D71575C1607401A1263F6C1D80D4E2F67F36F103CB935"
"electron\mediaTasks\audioVoiceComposeTask.js","11635","01CDF15985D4AE6FDC205074115D35D133875AC5FDCBA5E7EEC6C338B48667FB"
"electron\mediaTasks\doubaoAsrClient.js","14654","1E8E654C75BE92178D2FDEAF39B6D0D69E106858252EEED33493F9E4BC85D3BF"
"electron\mediaTasks\mediaClipExportTask.js","19810","23259844C0177FB5D6C7A4ACD291292BE060DFF1858721AFA96B867E66B42C2C"
"electron\mediaTasks\registerLocalMediaTaskHandlers.js","18530","BBECEBEB058051A56F7740F3AC38CEADC5EA03F8562885015E403D145637E9A1"
"electron\mediaTasks\registerSharedMediaTaskHandlers.js","6384","26BB61F3000FBCC74D5FDF475F3B5C78A4B48878C4C69FB6C016D9D9698077F6"
"electron\mediaTasks\videoReverseTask.js","3806","0D4D00AE3BDD1CBC9CC209F70AD5D4462432E021E7774950BEFA0499ED3713A2"
"electron\nodeExportController.js","14222","41FE3ED19C5B32DA9C1A56A1B2546245B80606BB5D23023A5FE2AA2EF64EFC70"
"electron\nodeExportService.js","16402","66F3A20212B20CF3A525CC18415FF71362420E311985F7BAE34399B73A8D7FEC"
"electron\notificationSoundFiles.js","8290","230DD67E342A301D2F1C7FEC7AA886D0C824CC130BB04C1B554B562A6A751214"
"electron\preload.cjs","8355","86AD502555E49DC70AC6B17B915F74C7C8C3F8C4817DE0C99AC1B29D8AC5407E"
"electron\projectCapabilityOperations.js","10491","1C81B0E48E8B6668F1E24747A68F94F89F5A4BDF89CFBFB21E8BC2711B7A4DEE"
"electron\projectPackageController.js","8375","11AFF298745D36AF1299D9FAF6A605B1471D26D2A6D2FB7E5CD73F1AD99D2AE8"
"electron\projectPackageService.js","28829","28514788E196166B1894CA395E117DD17EA8D4D07897B0F8B6256315B7AB497F"
"electron\pythonRuntimeResolver.js","5193","6CF400614FEDFA5F39158312FF09AB87025570482AD221ACA265AB6E080158F9"
"electron\recentDocuments.js","3258","47C77FBFA896672B31F07CBFBD7FE3D219261E6733E4C5EFA6F5153D5B9796FB"
"electron\recoverySnapshot.js","4246","2CCF2ACE9BE4B8BA7E6CB14225DF528548B495BBDD74F6AA403CEF8DB60EA928"
"electron\remoteAssetImport.js","21527","8C2CA884F4BC2770C7C516015EEA232C8693A7F0C98D32A72E1496EB9E0C1DA8"
"electron\rendererResponsiveness.js","6340","0C69E4C2B5EE30D5E31120430DCD5403E25A0ABEEE3A81EB8144E75709997A47"
"electron\runtimeAssetResolver.js","5930","928BA8DF9EC5695B2FFBA5EB444EF87605D605FB514BDB9BDFBB71603AF64F3E"
"electron\screenshotOverlay.html","9571","8A1ADBC6B25C204EAF90CE5FF15C5B0E7755E1EC5BF4358DB5DE2900D003E9B1"
"electron\screenshotOverlayController.js","21312","ADA9345A4F57B6FB960E4134A6C3DE9EB8BCDD02DE2541426FAE7B25BEBF69D1"
"electron\screenshotOverlayPreload.cjs","882","5AE64D98BFCB268525320419BE817B288CE6CE5AFC74F6CFCE31F74A1BA21305"
"electron\secureSettingsCapabilityOperations.js","2957","FF19CEC6F599FA10892D8F2B6A4E8EC2EAE502C48CF76729E3B7B3DFDC2BD590"
"electron\secureSettingsStore.js","4557","1F120EE71122616B244E64D5239066C548478339AFA0BF7500D2968BD26E4F15"
"electron\shellItemRevealer.js","5439","33F8E177E3AFE31E818E79CD13CEDA578EF5D1433D64BEDBD17640C2F7639F8F"
"electron\sortformerModelRoot.js","1787","BD6B4747E8304B2BADFAB8AC5E8E4EBFBF2CE39568136C9694E9465A4F5B4C1C"
"electron\startupPortPolicy.js","2547","F2FD386D400A7DBC73123EDF686FB536285763F4B8EA4B65A5528E52FFA2C417"
"electron\startupPortRecovery.js","4517","DBA806DECAA0AFD373710F3E970E1C039A9728B07AEA241749C1F602047D40B0"
"electron\storageRoots.js","4456","AE82DEEA26966FCCB7456776C9478D5769801EDDA301F6258029242E580FCE06"
"electron\toolCapture.js","3561","6AD95ADB04F81490E9ACBBF3625AE1B8A754550C34C754FA3E758EDEA281D14D"
"electron\updateInstallPreparation.js","7710","C34E5C72DC70F2B07D1571F69170665A08E7A2CCE52D0E65D150BF0F60EADF2C"
"electron\updaterController.js","14664","87F1D530CAE7A4A68917CA1750261BC92FC84D867E7E7FB8E4DFEE768CDCC24D"
"electron\updaterInfoNormalizer.js","3114","D949B6CF7993734ADC2B9178D5B2806C094164BF25AD991E38E0E299B5921AD2"
"electron\videoPlaybackProxy.js","5650","0B19345938A70556CC931EB67013C77A61668DC685DC90267982907C938F7BD8"
"electron\webPreviewViewManager.js","134545","97C78C23B991013F58DEBEA3369EEFA081201FF487D0F2A0EE946F596A91BBD0"
"electron\windowsTaskbarIdentity.js","35323","FADA166A7AB9BCE9164189310411D47B0144A431AF7A8A054D15ED6489F82BA4"
"images\agnes-api-key-guide.svg","9273","462FE921DDD7B70EB324D0E2321B7ADA547B962A2449F7B523693DC32665B593"
"images\apimart-api-key-guide.svg","9375","6946EC271B41584B9143EFB3B50880E4306918785B26FFFF13E815D37DF714DE"
"images\beam-large.cur","16958","A13F520E44E5CE7B0404CF24E6D2FEADB8308015A25DD1DF79234730F4E2A45E"
"images\beam-large.png","1353","6211A57CA2C073D63FA3C1C470CE1F6F992A18FC296D4A2F3BE56E2630C4F1ED"
"images\beam-medium.cur","9662","80AC900A373C947C76440A5E7AC426D7FFF0C5384709CD587F391D36B52BB4F7"
"images\beam-medium.png","884","AC8B228C61AC4EA8F111D73155E64882322A2AB584F1B9A4A8A3030F6C3828D1"
"images\beam-small.cur","4286","EA62004AE3D2CDE19585E50B6D5BB54AEBF2B890006620BF402F60567CF19B52"
"images\beam-small.png","307","FB54267F6FB54A698BB3761468B0BDCE1DA8582EE5677CBB0A5F9B4E0A702252"
"images\beam.cur","68966","7A5B59E3C9C1339522FB68EFD6AD517379FA370F62A82EEF958A01EF5B1D57BB"
"images\beam.png","312","FF5B5BA27E736CB6ED7037AAA6BBFB154DA003395512816381067996CB5D7D1C"
"images\bootstrap-plus.svg","300","61240F14711EA345AE321A18F9E404F2EA046FA3D96D36E01CFD30E7C0286967"
"images\brand\official\shuo-canvas-app-icon.svg","2210","A76E442938DE88BF628DA4E0B765BAA65473CE49F75244AA8DE91AA646182BA5"
"images\brand\official\shuo-canvas-logo-dark.svg","3070","28C4078555FDF53A64E4C07E60764178F94C706BA1ADA78B415CE469EB6DCCA6"
"images\brand\official\shuo-canvas-logo-light.svg","3070","5E2DFB5E56E3AAB688DE3FA3B1DCF9373D1262612FE4558CFC740DFCA9116252"
"images\brand\official\shuo-canvas-mark-mono-dark.svg","851","FC15E5B80D26FF17F52095BE41D38009D287CB6C7EF7C12E39D1DA6D8CD55979"
"images\brand\official\shuo-canvas-mark-mono-light.svg","853","684898B20AD5E5BCB87E374DB4A194F0E7B38C4185E96501849CA388EBA2FB5B"
"images\brand\official\shuo-canvas-mark.svg","2066","18561C96C672E0224634B4D25F60918B49F8F94C17491937CEA9319C4531143F"
"images\brand\shuo-canvas-app-icon.svg","1151","38DC7397023849423C47FF3F580C8686D77509945631472A048F62148B5479E8"
"images\brand\shuo-canvas-logo-dark.svg","1983","9C9B5666572A7E10EFAFEF9A0A24572F499C0CD6D7216B0E30E6465F7239AB14"
"images\brand\shuo-canvas-logo-light.svg","1983","0AE4571F1316422C2204CCCEC4E252A953F884DC75334133E3C5B5AD73D321B5"
"images\brand\shuo-canvas-mark-mono-dark.svg","642","C7A50A8621FB02E2686459E6F780F06591862575BDE1A2E00CBE72974AAEBB55"
"images\brand\shuo-canvas-mark-mono-light.svg","644","8C1D973B2809C1E0C7F2980236900EC456070CB4250D7F704C67F26BE1BD4CC3"
"images\brand\shuo-canvas-mark.svg","1024","C069F7827A45A697340089C2ED5689548D13AF5B1F320F32E719FAB9DD133628"
"images\cursors\windows11-concept-v2\dark\alternate-large.cur","16958","1B17BB4CA0B87968B6E575B0651B538C5F4F564E5FAE6A9475EF0BEF7A51C374"
"images\cursors\windows11-concept-v2\dark\alternate-medium.cur","9662","38309F37B0CA3580EDD874156370C766C27256348AF6BFFCB1E9C36B017E1855"
"images\cursors\windows11-concept-v2\dark\alternate-small.cur","4286","2E74433F298F85828A55D54B9ECDFD8478CBB7AF7A60071729E27C6374478BB7"
"images\cursors\windows11-concept-v2\dark\alternate.cur","68966","12DF41104AF54BA97A1A8236F610AD0823ADFE2EC05C7E8CB0A3D26F51DF6327"
"images\cursors\windows11-concept-v2\dark\beam-large.cur","16958","A13F520E44E5CE7B0404CF24E6D2FEADB8308015A25DD1DF79234730F4E2A45E"
"images\cursors\windows11-concept-v2\dark\beam-medium.cur","9662","80AC900A373C947C76440A5E7AC426D7FFF0C5384709CD587F391D36B52BB4F7"
"images\cursors\windows11-concept-v2\dark\beam-small.cur","4286","EA62004AE3D2CDE19585E50B6D5BB54AEBF2B890006620BF402F60567CF19B52"
"images\cursors\windows11-concept-v2\dark\beam.cur","68966","7A5B59E3C9C1339522FB68EFD6AD517379FA370F62A82EEF958A01EF5B1D57BB"
"images\cursors\windows11-concept-v2\dark\busy.ani","679976","8123968714332A1EE9B3842CACFFFE6A004C9FF95832F874BD5A4D057B2E402C"
"images\cursors\windows11-concept-v2\dark\dgn1-large.cur","16958","97F0B134C8162643750F24217E383AA486FAE95662934BBFC2E4FA889FFA12C7"
"images\cursors\windows11-concept-v2\dark\dgn1-medium.cur","9662","0D12751243F7BBEC779C758D64FA2EBD668D77CAFCC7BA86C58BF0377E174112"
"images\cursors\windows11-concept-v2\dark\dgn1-small.cur","4286","7A82DED9779D89A7383477ACC7E8A61E776D7A2A5C98F52D44423840D5B7A412"
"images\cursors\windows11-concept-v2\dark\dgn1.cur","68966","1301E64EEE3DD15B95149A75016483E4DC6647B8A99788E03AFD89A3575B2337"
"images\cursors\windows11-concept-v2\dark\dgn2-large.cur","16958","540D812A6D8FAA2280CC8AA1AED72BBADB79F3D88A73C8C92BC8075DF778AB7C"
"images\cursors\windows11-concept-v2\dark\dgn2-medium.cur","9662","247C012E7D5CB88319868BBB2BBF7B5DA98AEA7EF660B9D9126C6A288D658154"
"images\cursors\windows11-concept-v2\dark\dgn2-small.cur","4286","5E4E919F7DA2FB16899D5EE02B891A0EB9BE510810CC902DAE1573184C8EEF5B"
"images\cursors\windows11-concept-v2\dark\dgn2.cur","68966","C37DBADA394AD0676CB80DE0B7E86589871A4525F7C5779042BEB7C87A964EE5"
"images\cursors\windows11-concept-v2\dark\handwriting-large.cur","16958","D8E31D96B64B9DCDE3C765970E4D78BEB2A611A972EDC82623A15CD81776E8A4"
"images\cursors\windows11-concept-v2\dark\handwriting-medium.cur","9662","28611EB1DC3E8322B4C3249FDFEF337425BF019F5B369A34E012A4634F3AEFEC"
"images\cursors\windows11-concept-v2\dark\handwriting-small.cur","4286","EF5DD254F498657E7B2EA129F7DD850763092644F8BE87B4498FB65D77941163"
"images\cursors\windows11-concept-v2\dark\handwriting.cur","68966","4A554D96C7C3F47F7F69A421940B694D82C598865EB8DFB19A279BEED08028C0"
"images\cursors\windows11-concept-v2\dark\help-large.cur","16958","FE197A0411AD7910518DF43582A9A916EBDE6C081960F76FDF1B20EF7525AD4D"
"images\cursors\windows11-concept-v2\dark\help-medium.cur","9662","C1D56573E5029368950B299611DEFDEE55A9427E40E9A3779F09C0BF62EC5E4F"
"images\cursors\windows11-concept-v2\dark\help-small.cur","4286","9CF1C6D95156D9AABA7B0E8A9669826D63875641869E63DEEEFB8AF4B390169E"
"images\cursors\windows11-concept-v2\dark\help.cur","68966","9D16F1FBC8386A979D896C0700EDC526A77D2F4CF79EDF68E331AF3659FEF5DB"
"images\cursors\windows11-concept-v2\dark\horz-large.cur","16958","0EF213BF0F726A03C401C3B35FA53E5D142FE0957A495AF78FC90808C2CCC291"
"images\cursors\windows11-concept-v2\dark\horz-medium.cur","9662","4C88D83F80DC3D8809BB9C0FFBAA95492B095C0D7CFEFF628D62ED9E178DC090"
"images\cursors\windows11-concept-v2\dark\horz-small.cur","4286","39164823AD0906CF3B93FD26BB20E20F0BC4D6496C876BF57B8DB18970FC30EE"
"images\cursors\windows11-concept-v2\dark\horz.cur","68966","7587E023CBC36472766F6A0E5C16C220E9D784F3A2CF7FF3574B98BBFE7457C2"
"images\cursors\windows11-concept-v2\dark\link-large.cur","16958","8165FCFBB1BEA60C28EA61D85622FB3E9C8AA50B8A92D6FD7DBEA1DC31665DB5"
"images\cursors\windows11-concept-v2\dark\link-medium.cur","9662","C5D873471F5CC0D35123E36979DE612610CC2D7F4BEF3F00B8794090F8134771"
"images\cursors\windows11-concept-v2\dark\link-small.cur","4286","126E86F0A488B2B8D7EF54189FC94341CBE3217EA6274D74836FCC2087D27083"
"images\cursors\windows11-concept-v2\dark\link.cur","68966","A8A671736DDB8EC2D8B10A26EE51FAD32F715CE0540D197BD2F09E0D60F07D30"
"images\cursors\windows11-concept-v2\dark\move-large.cur","16958","064BC8281C4A62FD5BC5A0F8329E20D4B8DC8335E94AE287308A965905199D66"
"images\cursors\windows11-concept-v2\dark\move-medium.cur","9662","61296C0E9794C15F46142DA2E5C7B7BCAB48E56B8611BF7C3C181944B682ED6E"
"images\cursors\windows11-concept-v2\dark\move-small.cur","4286","0632723FAFC69EC7041AFCCFA8822880D0363A20C3F6CB3BC9D33DFCBBC73632"
"images\cursors\windows11-concept-v2\dark\move.cur","68966","0B1B9A29C29367EFEB8A8F4506B020B8A6BB73B13DF92F38F2E616B97722E3F8"
"images\cursors\windows11-concept-v2\dark\person-large.cur","16958","C93BE46A57B9AF9DEE433C62825F9977E81644A44D90251C53E141C5201D3D45"
"images\cursors\windows11-concept-v2\dark\person-medium.cur","9662","F95FAA703BCE633A4B6A5140F2222B49E3199567989E0ADE59CC3800063DF42A"
"images\cursors\windows11-concept-v2\dark\person-small.cur","4286","53B96E1F9E0C50F6CF08C7C2D24D679A268C2211E3EF975345532A98DE5B9A68"
"images\cursors\windows11-concept-v2\dark\person.cur","68966","3C9B2386394E97983628D33A69F75BC039B10A7E150A3E6CF6B0E0BEF970E8A3"
"images\cursors\windows11-concept-v2\dark\pin-large.cur","16958","9DCAE232EAC1C8B71DC79C0A8E2E187C3E0DD775E7C767BCF53976F559CE4D1A"
"images\cursors\windows11-concept-v2\dark\pin-medium.cur","9662","F579E5D737B422FDEFEF1E9AF21AB46CD9D3B755F93D40B1AD65472639312FAF"
"images\cursors\windows11-concept-v2\dark\pin-small.cur","4286","89DFDDFD8D75C957B9BCA59E0E94C61B50C5FB695D680F730C05E2ACCCE40AB0"
"images\cursors\windows11-concept-v2\dark\pin.cur","68966","7259FBAC0F85F7206A49C3B8ED81B3E1930E14CE293F282CB451CD5C8E3106BF"
"images\cursors\windows11-concept-v2\dark\pointer-large.cur","16958","46FDF3E7F58140197E11D560FAC94F113989102557DD4D145925642856FA42DE"
"images\cursors\windows11-concept-v2\dark\pointer-medium.cur","9662","22BF83BA704FC3081CB3DF0A43D7000F949A4ACA6D82D62D951AB6934C98EE2F"
"images\cursors\windows11-concept-v2\dark\pointer-small.cur","4286","9B97BE207FBD6D69673E46EE5DC8E5E73B96ACFFBF42DDFF1DFEEB42D9B9B115"
"images\cursors\windows11-concept-v2\dark\pointer.cur","68966","C3BA767224371DCD7C1DD9FC2A7ABE7AA218447F623078087DF981B01CE2E9B0"
"images\cursors\windows11-concept-v2\dark\precision-large.cur","16958","DEAA256ED51F91F9D11DED874865CE970E37A63C46DE45B0E72DB4DABC37C55D"
"images\cursors\windows11-concept-v2\dark\precision-medium.cur","9662","69420D8FF6208D46DF5D9370FC1CDFD8852204D16C91F8523D521F9CEFEDBC3C"
"images\cursors\windows11-concept-v2\dark\precision-small.cur","4286","90469FDE5D650EDFEB4FCDEDE7BA77103EEDD18A830BEE0E50A11FC697A485FD"
"images\cursors\windows11-concept-v2\dark\precision.cur","68966","D7AE2E5BF8FB4D3290859FFFF76D9D64E2E958F2A4DA0CDFB3A8938AB9E5AC80"
"images\cursors\windows11-concept-v2\dark\unavailable-large.cur","16958","2EC6945C95546D63161BDE83F7EAC14D64EC5B45D99B5D90821E648AD6DAED13"
"images\cursors\windows11-concept-v2\dark\unavailable-medium.cur","9662","7163FAE856778FA8A817C15E02AF03545E3234DBCED788C4FE2FE0CA63FBA566"
"images\cursors\windows11-concept-v2\dark\unavailable-small.cur","4286","4ADD7A8BD50800BE16DC7D7CBCBF80F8821604451033E8904DE44B223D841381"
"images\cursors\windows11-concept-v2\dark\unavailable.cur","68966","EC22815AF1968E91A3AA2C6EB6290D60B5FA07FD9DC08D3F63FC75CC8D9EFE0B"
"images\cursors\windows11-concept-v2\dark\vert-large.cur","16958","6A5290BD8C839577FAFF9C763E619B78786BF861E2EB02A9C98EF8F593E9F7C1"
"images\cursors\windows11-concept-v2\dark\vert-medium.cur","9662","947EF52E7A783DF464F58F7CDCCF22DCA63B9723FCBCA4CD281D9D8F0B665231"
"images\cursors\windows11-concept-v2\dark\vert-small.cur","4286","712B18BDEABDBE5B072C18EFC7218073E2846C65C3507FB2DC4DECD091673200"
"images\cursors\windows11-concept-v2\dark\vert.cur","68966","5C7BE0C2A0C2F26060A210001CCE64D3AB8CD17F662B1C4AF1ADE9B7D2C16420"
"images\cursors\windows11-concept-v2\dark\working.ani","1517562","EBA59CA907633372A0060CCD18DD5E7EC8BD9A210B12D0691A99DA47CB9C9B26"
"images\cursors\windows11-concept-v2\light\alternate-large.cur","16958","1B17BB4CA0B87968B6E575B0651B538C5F4F564E5FAE6A9475EF0BEF7A51C374"
"images\cursors\windows11-concept-v2\light\alternate-medium.cur","9662","38309F37B0CA3580EDD874156370C766C27256348AF6BFFCB1E9C36B017E1855"
"images\cursors\windows11-concept-v2\light\alternate-small.cur","4286","2E74433F298F85828A55D54B9ECDFD8478CBB7AF7A60071729E27C6374478BB7"
"images\cursors\windows11-concept-v2\light\alternate.cur","68966","12DF41104AF54BA97A1A8236F610AD0823ADFE2EC05C7E8CB0A3D26F51DF6327"
"images\cursors\windows11-concept-v2\light\beam-large.cur","16958","A13F520E44E5CE7B0404CF24E6D2FEADB8308015A25DD1DF79234730F4E2A45E"
"images\cursors\windows11-concept-v2\light\beam-medium.cur","9662","80AC900A373C947C76440A5E7AC426D7FFF0C5384709CD587F391D36B52BB4F7"
"images\cursors\windows11-concept-v2\light\beam-small.cur","4286","EA62004AE3D2CDE19585E50B6D5BB54AEBF2B890006620BF402F60567CF19B52"
"images\cursors\windows11-concept-v2\light\beam.cur","68966","7A5B59E3C9C1339522FB68EFD6AD517379FA370F62A82EEF958A01EF5B1D57BB"
"images\cursors\windows11-concept-v2\light\busy.ani","679976","EFB42C0084C6DA503A4C51FE67F3A2F4B0B9C74632A74FEA8CC2EB51AEED6306"
"images\cursors\windows11-concept-v2\light\dgn1-large.cur","16958","97F0B134C8162643750F24217E383AA486FAE95662934BBFC2E4FA889FFA12C7"
"images\cursors\windows11-concept-v2\light\dgn1-medium.cur","9662","0D12751243F7BBEC779C758D64FA2EBD668D77CAFCC7BA86C58BF0377E174112"
"images\cursors\windows11-concept-v2\light\dgn1-small.cur","4286","7A82DED9779D89A7383477ACC7E8A61E776D7A2A5C98F52D44423840D5B7A412"
"images\cursors\windows11-concept-v2\light\dgn1.cur","68966","1301E64EEE3DD15B95149A75016483E4DC6647B8A99788E03AFD89A3575B2337"
"images\cursors\windows11-concept-v2\light\dgn2-large.cur","16958","540D812A6D8FAA2280CC8AA1AED72BBADB79F3D88A73C8C92BC8075DF778AB7C"
"images\cursors\windows11-concept-v2\light\dgn2-medium.cur","9662","247C012E7D5CB88319868BBB2BBF7B5DA98AEA7EF660B9D9126C6A288D658154"
"images\cursors\windows11-concept-v2\light\dgn2-small.cur","4286","5E4E919F7DA2FB16899D5EE02B891A0EB9BE510810CC902DAE1573184C8EEF5B"
"images\cursors\windows11-concept-v2\light\dgn2.cur","68966","C37DBADA394AD0676CB80DE0B7E86589871A4525F7C5779042BEB7C87A964EE5"
"images\cursors\windows11-concept-v2\light\handwriting-large.cur","16958","BC12726670D156F598CCCC85B2EA4EAB977217614FCD2E8DA4CC24B769B34007"
"images\cursors\windows11-concept-v2\light\handwriting-medium.cur","9662","8FF2925D00747E81C0EEA5207557F103DC368072C8C10C8836B6B9F139D18F38"
"images\cursors\windows11-concept-v2\light\handwriting-small.cur","4286","60EA42ECEE9E690DF626FCC539BD773F9B9FF5B8774C395A0C1D7472D9547BC3"
"images\cursors\windows11-concept-v2\light\handwriting.cur","68966","FBFCA913127CCF29505C8CA8CC4785E5E3672CD7E0AF1EF2C2B66F02EF37CC8A"
"images\cursors\windows11-concept-v2\light\help-large.cur","16958","F34639A5D8C0609157BE8389DD12B59371AEEF71FEC593CF7432FB10754E61CC"
"images\cursors\windows11-concept-v2\light\help-medium.cur","9662","E9A0462167AC9D63DE20225E83745769F5B69371F8795811EE2A17CBCA248BD4"
"images\cursors\windows11-concept-v2\light\help-small.cur","4286","5672C6912A0519714C7F9D2F8E83BEEFC60E9FB375827B2DC1A840EF7B269703"
"images\cursors\windows11-concept-v2\light\help.cur","68966","60AEFCE718C831A21525E673C09192B1BCF19FB0519B8C0E4CB0F698677C39F6"
"images\cursors\windows11-concept-v2\light\horz-large.cur","16958","0EF213BF0F726A03C401C3B35FA53E5D142FE0957A495AF78FC90808C2CCC291"
"images\cursors\windows11-concept-v2\light\horz-medium.cur","9662","4C88D83F80DC3D8809BB9C0FFBAA95492B095C0D7CFEFF628D62ED9E178DC090"
"images\cursors\windows11-concept-v2\light\horz-small.cur","4286","39164823AD0906CF3B93FD26BB20E20F0BC4D6496C876BF57B8DB18970FC30EE"
"images\cursors\windows11-concept-v2\light\horz.cur","68966","7587E023CBC36472766F6A0E5C16C220E9D784F3A2CF7FF3574B98BBFE7457C2"
"images\cursors\windows11-concept-v2\light\link-large.cur","16958","C07CE7A2E3730E6A223C492EF9CA54BDB03B3946A0389E41F9B5EBE767A5B1DC"
"images\cursors\windows11-concept-v2\light\link-medium.cur","9662","8B35F583CBD4B00FB86CB6DDD41AE4DA0A8262C62026BAC5EC6E89201BF2D13A"
"images\cursors\windows11-concept-v2\light\link-small.cur","4286","72D1FB3B0F30B52B7E49259A5DF25F4941496ECCBD7AAEB2B36F835A4D419ECE"
"images\cursors\windows11-concept-v2\light\link.cur","68966","227188D350EFA798D9C0560230E42B5D11CA7D237C38FD1C9F651ED79672AC24"
"images\cursors\windows11-concept-v2\light\move-large.cur","16958","064BC8281C4A62FD5BC5A0F8329E20D4B8DC8335E94AE287308A965905199D66"
"images\cursors\windows11-concept-v2\light\move-medium.cur","9662","61296C0E9794C15F46142DA2E5C7B7BCAB48E56B8611BF7C3C181944B682ED6E"
"images\cursors\windows11-concept-v2\light\move-small.cur","4286","0632723FAFC69EC7041AFCCFA8822880D0363A20C3F6CB3BC9D33DFCBBC73632"
"images\cursors\windows11-concept-v2\light\move.cur","68966","0B1B9A29C29367EFEB8A8F4506B020B8A6BB73B13DF92F38F2E616B97722E3F8"
"images\cursors\windows11-concept-v2\light\person-large.cur","16958","E5D376DF2D21A246AB9A562A7E23E827865A442CD745DB3C8453E8B6C3EC8983"
"images\cursors\windows11-concept-v2\light\person-medium.cur","9662","A1DE8DFAEDA6D5A1B59FC9DF76DFAAB56C395712335F2CE210CF608AB7BADCDE"
"images\cursors\windows11-concept-v2\light\person-small.cur","4286","4907C7BD2651E77084C96BC143CE133F1161FBBFC4D598988129F9969657FF89"
"images\cursors\windows11-concept-v2\light\person.cur","68966","0537BF29B2BFAAA67C8FB00A14F32D9CD9174FDD093DD33983B64AB47EB27361"
"images\cursors\windows11-concept-v2\light\pin-large.cur","16958","4140E29BC55F09CBAAF8ABBC9FC5D2CEA333515746DF5210766BD19D9BF349D1"
"images\cursors\windows11-concept-v2\light\pin-medium.cur","9662","C7875F868D31EB2451ED98A1DB8D75C90B09CDC267BF65BE05B2726C03D5F269"
"images\cursors\windows11-concept-v2\light\pin-small.cur","4286","77F01969CDC0B914ED286C5619E8967861E65EA3FEB98F79E8AD93ACCC2B8E4B"
"images\cursors\windows11-concept-v2\light\pin.cur","68966","B3F9B0D9F8ABCF370438E8A0FC01B86DC121B2DB7D289C37EEA2DAFFEE87C371"
"images\cursors\windows11-concept-v2\light\pointer-large.cur","16958","278267C8AA9BD00E1B6715F66683846D30569A8D89D76161A64A7DDE19D1A97A"
"images\cursors\windows11-concept-v2\light\pointer-medium.cur","9662","E0B81AFAA13D6CE9A5A826671D6D5C904EC9E912B515BE47C773A4EB5EEED08A"
"images\cursors\windows11-concept-v2\light\pointer-small.cur","4286","094849D27CDCEB1387934B4DAD96D7DEA708D9387CF02307C1D84DA546A57052"
"images\cursors\windows11-concept-v2\light\pointer.cur","68966","423B1323581E27198886E582447C6F4C0E6670138973DE7CF0B0DC9502D67697"
"images\cursors\windows11-concept-v2\light\precision-large.cur","16958","DEAA256ED51F91F9D11DED874865CE970E37A63C46DE45B0E72DB4DABC37C55D"
"images\cursors\windows11-concept-v2\light\precision-medium.cur","9662","69420D8FF6208D46DF5D9370FC1CDFD8852204D16C91F8523D521F9CEFEDBC3C"
"images\cursors\windows11-concept-v2\light\precision-small.cur","4286","90469FDE5D650EDFEB4FCDEDE7BA77103EEDD18A830BEE0E50A11FC697A485FD"
"images\cursors\windows11-concept-v2\light\precision.cur","68966","D7AE2E5BF8FB4D3290859FFFF76D9D64E2E958F2A4DA0CDFB3A8938AB9E5AC80"
"images\cursors\windows11-concept-v2\light\unavailable-large.cur","16958","375D6625A7657D2E8A12D4470B0AD66E477A34C7CE4313F8685B1987E1E4ADDD"
"images\cursors\windows11-concept-v2\light\unavailable-medium.cur","9662","11300D870D14FB0FFDC85821DA32903800797F337EFC0163CCFC78346E430258"
"images\cursors\windows11-concept-v2\light\unavailable-small.cur","4286","D2BD197DDEB700F096C599F1B0DDE8BD9A9B46A07D51A9226182CA4BC988A995"
"images\cursors\windows11-concept-v2\light\unavailable.cur","68966","5CEF9A04AE3F4BCF4C6FCB330C3E8181817ED51D0EF1BDC22C9863C8F249D244"
"images\cursors\windows11-concept-v2\light\vert-large.cur","16958","6A5290BD8C839577FAFF9C763E619B78786BF861E2EB02A9C98EF8F593E9F7C1"
"images\cursors\windows11-concept-v2\light\vert-medium.cur","9662","947EF52E7A783DF464F58F7CDCCF22DCA63B9723FCBCA4CD281D9D8F0B665231"
"images\cursors\windows11-concept-v2\light\vert-small.cur","4286","712B18BDEABDBE5B072C18EFC7218073E2846C65C3507FB2DC4DECD091673200"
"images\cursors\windows11-concept-v2\light\vert.cur","68966","5C7BE0C2A0C2F26060A210001CCE64D3AB8CD17F662B1C4AF1ADE9B7D2C16420"
"images\cursors\windows11-concept-v2\light\working.ani","1517558","BC386E50E031748383D22B660351FC43AF0F72A3B23111AABA399CAA424758D7"
"images\deepseek.svg","4099","5CD06C55EE17EE51F9D6BE3A6A32D6445FE380AB4EF757CCABA448C7C78A25A5"
"images\favicon.svg","2066","18561C96C672E0224634B4D25F60918B49F8F94C17491937CEA9319C4531143F"
"images\gemini.svg","27794","F56DF33F86DC0C0257DA337C63BF7AD68C0A1B27B796EC707E147984351BCCB3"
"images\grsai-api-key-guide.svg","9311","AF4A539A9DB9083D2F4FB76723C0A33968FE734C0A42EA91A933F501F28979D5"
"images\grsai.png","76278","6CE8AB4B77189455B730F7E2CE508ABC0C4902B3FDE6EEFDBEF399BDC54AD952"
"images\heroicons-document-solid.svg","578","1C7AC72BA7705B19B5BA8A280DEFC388B883045461975143B3C7D951BD3834B4"
"images\jimeng.png","3427","8524147BD0DD05555E73D715BA166E9F76A0DBB8DA13A692922FFB2513D7A249"
"images\kimi-logo.png","25651","F36960A0EB1DB5C82436BE363C9C946EB064B43D4DCF66BD12747651FB6E8576"
"images\link-large.cur","16958","C07CE7A2E3730E6A223C492EF9CA54BDB03B3946A0389E41F9B5EBE767A5B1DC"
"images\link-large.png","3073","788FC609AD63756CEDC4F75F3FE72579AA52A95CB394C2CE850FA857CAB9C415"
"images\link-medium.cur","9662","8B35F583CBD4B00FB86CB6DDD41AE4DA0A8262C62026BAC5EC6E89201BF2D13A"
"images\link-medium.png","1976","8BA1FEAC310C4D2D17BD0C6875CB77686084A1BA0CB9007AF087B97014C83114"
"images\link-small.cur","4286","72D1FB3B0F30B52B7E49259A5DF25F4941496ECCBD7AAEB2B36F835A4D419ECE"
"images\link-small.png","762","C4B3E6186FBE9DD699FCC5528E3629190662BC7D71D1A0088FBA952A4F963B91"
"images\link.cur","68966","227188D350EFA798D9C0560230E42B5D11CA7D237C38FD1C9F651ED79672AC24"
"images\link.png","758","E8335BB80BD03E4EACDCD54BEF0D4FDA7B7D75B0DCC853A2A290DAF9090B68E8"
"images\logo-option1.svg","1348","EBACBB7DD0B877520C5F764ECAB481707D85AB299F2555E46E9A90BD9ED7C644"
"images\logo-option2.svg","1428","815BD33174C8F0FF218D41C88B97C346E1458075B5FB3B92763926EFDCA67869"
"images\logo-option3.svg","1441","D65412F0775EA3D41CB5CF46F6D4FECBDA43D1330EA1333C072E3680C41C8293"
"images\logo-option4.svg","1646","28917111E2164FC4D738476E0CDDB7227275A400540F8709C98CD1B65FBEC97A"
"images\minimax-logo.avif","1380","1F956C603D284E3C6A373F917A7A8861A0938CA1CB4269ED713A5B5E1640363B"
"images\move-large.cur","16958","064BC8281C4A62FD5BC5A0F8329E20D4B8DC8335E94AE287308A965905199D66"
"images\move-large.png","6543","04FAD09A321FD07D42DA0A2E0FF2A95EEEA842B173AE12E17FCFC353B114C06A"
"images\move-medium.cur","9662","61296C0E9794C15F46142DA2E5C7B7BCAB48E56B8611BF7C3C181944B682ED6E"
"images\move-medium.png","4017","1E694B90F57C31F02B7CF328D6C512EDFE89B866A53ED4E398EDC2137631632D"
"images\move-small.cur","4286","0632723FAFC69EC7041AFCCFA8822880D0363A20C3F6CB3BC9D33DFCBBC73632"
"images\move-small.png","1301","31B60C8381CCEAC7DA747526C827C2FFBFC8E0B088933A4D754BC3763A10040E"
"images\move.cur","68966","0B1B9A29C29367EFEB8A8F4506B020B8A6BB73B13DF92F38F2E616B97722E3F8"
"images\move.png","1320","2ECE2E392A9C9FA448E3D596E1062DC45BCEAA019613B12220F0429A47618814"
"images\pointer-large.cur","16958","278267C8AA9BD00E1B6715F66683846D30569A8D89D76161A64A7DDE19D1A97A"
"images\pointer-large.png","2169","236647AE305B4924607183E9683FB349FFBF5AFF5607A42514A9CF4F2E52A27C"
"images\pointer-medium.cur","9662","E0B81AFAA13D6CE9A5A826671D6D5C904EC9E912B515BE47C773A4EB5EEED08A"
"images\pointer-medium.png","1431","114D6D535FC6AC19969CE4EAA28C8B186A9A4E67C0746959AEDE360446778725"
"images\pointer-small.cur","4286","094849D27CDCEB1387934B4DAD96D7DEA708D9387CF02307C1D84DA546A57052"
"images\pointer-small.png","579","585C4F3E8B20E5155B2967213479CC528A2AD77163631CCCF2AC73A99635E5F1"
"images\pointer.cur","68966","423B1323581E27198886E582447C6F4C0E6670138973DE7CF0B0DC9502D67697"
"images\pointer.png","575","ABA695DB51C9B776FDF778E4FFC0B24ADEFC10C27943CEB8450E6D6337F4B9DE"
"images\ppio.png","5269","856C575FA1476E7E43019F09A595126030489DAA0026DA678DFC6BBE24D33B3A"
"images\qwen.svg","4348","AE034A58C58FBEE0748A652B2AD7BF72F1D69F185A3ADA318A80E6F9CEBA3918"
"images\RH.png","3779","DB1BCC2B4DEAA4E22DA0C16DA72558B68FAE38262ACFA12968ABEFB629B19AD6"
"images\runninghub-api-key-guide.svg","10378","B7EFFB61DAB417512412C2F6816F2DA680B26C33582191A3C7D7BF0580B5739E"
"images\scissors-black.svg","318","78BFA5C65D32BF50AEF5FAB84A5E2BB6D048A687FAA0DCA2665B5778CC0927BA"
"images\scissors.svg","317","F141E1A90FC38B9AEE6D19851E52433EB55987E556A552475DDD56F4D8DA7847"
"images\story-styles\3d-blind-box-paint.webp","13964","82FBCA931F7DC1C316C60AF79FF543282CB79E9BE154406EADF6D0F39E763C02"
"images\story-styles\3d-cartoon-animation.webp","13298","543A97F2B242EE951D69FBC2F5EE454E8EC3E5869E506D99DB7232519226FC62"
"images\story-styles\3d-cartoon-miniature.webp","18020","3B3283B273E3EC2403015889F6882A8F82AB30654917D321B6ED49932F86C456"
"images\story-styles\3d-cartoon-render.webp","13504","22D8FAF3BCECB00EF92CB66892B5C39D9337E9239306DCA3804BE07E23002572"
"images\story-styles\3d-digital-sculpture.webp","8808","1D295AF5613A922798B5B56922D7B51676304ADDF0E733E931C44CD9FAFEB7C3"
"images\story-styles\3d-fantasy-rpg.webp","8956","6AECC3460AEC028CFC6A52812D871FA123309A1E09FEF27E4EC973005F2C5862"
"images\story-styles\3d-game-render.webp","7196","E988DF43C593344B605AD6120BEB09E03A9707590C020339982A9CCD817C2580"
"images\story-styles\3d-glossy-latex.webp","13518","F57E848D01DCC431FDC11416110C8F319E68DD56E6AB1E6E94A93F8E891C2891"
"images\story-styles\3d-jelly-plastic.webp","12980","C68B573BE22DA9AED377B2B5F7750F85D92B1C6B8BC3A4997D79074A0F391328"
"images\story-styles\3d-pbr-realism.webp","9712","1C665FE88FC14940ED44845826DFB67E9FAF9BCB535002B14B11D176E7D0FA28"
"images\story-styles\3d-simple-cartoon-character.webp","9912","84F42F8395A65814FCB2D513FC5ADED8500AB25CF3CADADCA15080776E4F1B0D"
"images\story-styles\3d-thick-paint.webp","13104","CF7232CCA747742189A6555D4F4FD29B535AF044466B57755418A48A6C5EB2D5"
"images\story-styles\absurd-high-key-white-film.webp","5878","0E233BF9600339A108A5235B21A7A14A59BA4DB4EF7BB602ECA724CEC9F9837F"
"images\story-styles\american-3d-cartoon-game-art.webp","12526","10307837EA0BB69F5AC7615AC6A97A1D975EFF8FA4F0E151E0DD9D87B13AE192"
"images\story-styles\american-cartoon-3d-render.webp","13550","5279E14EC4627B7B84404D2CFDA8B25DD5682E010A0F9AA380E043F84385A520"
"images\story-styles\american-classic-hollywood.webp","12190","CFE926D816222D3CFF689F1A07FC21AA75DF76BF3EBFB86D0CE4AC20D1C2EF8B"
"images\story-styles\american-comic-animation.webp","15116","C7C153A421DEACC5228CC0AF7E404C6184A00A435EBF56D652700409BA9CF4B1"
"images\story-styles\american-dark-illustration.webp","7380","28ACE80FFC9BD6E1D34F9F78E28CD8BE09CC556AD104A91894C1CBAD53030F2A"
"images\story-styles\american-economic-boom.webp","14376","35C9E237808E973576C80DFDAE47C96C0597C73A42EC809A34D87548803B09B4"
"images\story-styles\american-game-concept-art.webp","8574","9D51CFFA9E79E88958B4F4D308D70B7AA0FB238C0770C0B5640B73C2963694F6"
"images\story-styles\american-retro-cinema.webp","12010","3A724ACB3F2112DCBABD1BFDEA27E41F1446E4319D90C7F4D9D5ACED8C2239E4"
"images\story-styles\american-retro-weird-cinema.webp","10126","2D4C7F68075965FB4B9928AA9AC28BD6CEBD6C596799F515208869476D97BCB1"
"images\story-styles\ancient-romance-soft-light.webp","11860","4992160A47570DCDE23D29D67FB8A14903B34D6C4660C9D5A90B130CBFAAA8F3"
"images\story-styles\anime-2d-on-3d.webp","17452","8DE12A2BCAF67FF8558680E93858B3C3C9E81DBAC9708E0D8D297B9639C68AEF"
"images\story-styles\anime-concept-art.webp","15604","EE9167CF1D083AAEA11A168E268C76E989122A6109BC4DA3FA98B7FBC68A735C"
"images\story-styles\black-white-2d-comic-animation.webp","10768","8EB146F2EBF2AA23D3E2F7CE88C82A1F2C7FDC2BFF8DEACB02B292AA6B086D18"
"images\story-styles\black-white-ink.webp","15288","9CB51D582E490A80D08063DC79AC3CCE13D59ED5CD63670CB588E4C467949711"
"images\story-styles\blue-orange-cinema.webp","10260","E76657FA003A6BD4D5B62E1AC78A7B1E53F61FD326FF7D6B19D4E505CF905511"
"images\story-styles\childrens-crayon.webp","21062","9B443CA7F63F42782CFA93F0631ECF95A05A199ACF3D0656ABA8F2E5F437DE33"
"images\story-styles\chinese-3d-cinematic-render.webp","11146","44A60BD49BED998379A670241AA955A42446A5D04474D8DD2BC59544A553B036"
"images\story-styles\chinese-3d-fantasy-animation.webp","8026","EF277BA4A4F1399B3DE5878DA2E0EAD6A6AB6DDBCDCD3EFB21B4F65D10875B50"
"images\story-styles\chinese-3d-hd-render.webp","11922","1A9F92EC079F54EDF9887C094FD9FDDEDF3FA92359EAC8CDC6B2D11A98EC8CF6"
"images\story-styles\chinese-anime.webp","17150","0F64B8A1F6550EA00375D37B4FABD7E9E2D6BE6B6821A1EC59ECE8FD8F4ACE9D"
"images\story-styles\chinese-mythology.webp","12410","6B84BA1E4D26EC8EA07B8C6CB2E695A7FCB080BCA4CCAF177E5427A0905B3915"
"images\story-styles\chinese-shadow-puppet.webp","18002","CE5C8A9BBF7DAD8946A50CC5636AA9DB21B63F9E88130B44BF468D61A08FDFB5"
"images\story-styles\chinese-warm-blue-glow.webp","10016","F901BB17595300D8E92E34C0136C7B1EFEE4D90F9C755C302657485BE130E18F"
"images\story-styles\clay-animation.webp","11892","E964BB8FE0287844BD16C67EEB8B4D80FFD720F6F0BA0D20837DAC5564E72DD4"
"images\story-styles\cyberpunk-digital-illustration.webp","12328","38838036FA2A022A39DC608AC2402610F835B2595BC3850B3C40690D9B37FC96"
"images\story-styles\dark-concept-art.webp","4980","DA0E23A97B7CE701EAF5539C607B3514C67E653E3F0C816E400AFA70B9BF8072"
"images\story-styles\dark-fantasy-illustration.webp","9514","A039DD77D2C502A9F3328C09506A9A741B03ABCFBA4FA4933A8B298B089CE9E3"
"images\story-styles\dark-manga.webp","13300","580D48416963D58E5B379D44B17470708C5F3D5DF7FB92913204F8F943A2E27F"
"images\story-styles\dark-thick-paint-illustration.webp","5070","AFA22FE03C2843C981485BC84C2AC10659EDFBA454351CF8DD9A3BAB72BB5B61"
"images\story-styles\domestic-suspense-cool.webp","5348","0501F3681DAEBE927BF86978E793264CB62D8C4CF3F2D5C02C7FFFD7D6183968"
"images\story-styles\domestic-urban-realism.webp","10202","F4EC9E6BED941497F62D622DFEAFCED5192D6E3A9B1278AC2284A5B377F84AC6"
"images\story-styles\eighties-cyberpunk-manga.webp","11436","7755C4023E682D2B34A2245634E597E2001DF029097B4CF1420B630066323A04"
"images\story-styles\enhanced-3d-cartoon-render.webp","12290","0B0250A8A3EE84235DB7E159588221363251E494458CF0D71B3D39CF4F0138EB"
"images\story-styles\game-concept-art.webp","8450","446248292E3E0871DED83985425A018DD948BFBD57BCF221273A30969DE84179"
"images\story-styles\greek-myth-film.webp","10130","BF4F8A6F6E384D7EEDE5E05AA5862320D346E043C32D852ED5536C3475A13736"
"images\story-styles\high-definition-3d-realism.webp","11936","9D40E6AB5DB1BF748304F78BE6F05D90D4F8A0ABEB0F873EAEF9B518112C3D00"
"images\story-styles\high-quality-2d-action-anime.webp","15444","C961DDA959FF92C4B5E356A275F670FFA243BB99ABC649800C1CC02FD9C1A28E"
"images\story-styles\high-quality-animation-render.webp","13994","D682D352EE1889B94FEFFA4183D76BC0B34D5C7A59B49F47C12C0B2FE9BD442D"
"images\story-styles\hollywood-black-white-film.webp","9362","2D5FE80A2095D4F1862C80A7F9BA975F16FB3D4CD5EA5429DE4FF000D99679C8"
"images\story-styles\horror-film.webp","3942","175E2B4797AB692AE8649577DC6ACAE17822321961822520DC21DA1DACD730FC"
"images\story-styles\industrial-film.webp","11714","EC6D93200F24282B466ACD4567FB9960D911B51636B070431ECA71A43144CAB4"
"images\story-styles\japanese-black-white-film.webp","10626","B8F1FE78A221B677C9C1B4D48E0BD64B3A8760C290CBCAA3A5E9F645037F0550"
"images\story-styles\japanese-flat-illustration.webp","10544","49914E31972BECFF8F0BC179C248FD9BE6438DC2DEABD7FF9DF9447B88BC3244"
"images\story-styles\japanese-natural-life.webp","12626","B18F0AED50B99F539E10884338C7AF2AB8B60030FFF20359414C386119FA5C5F"
"images\story-styles\japanese-youth-film.webp","14586","768F8715EE1B043A5D0BDC938807351E2FDB2E5456FA176C9F646B9DA97995C0"
"images\story-styles\korean-cool-minimal-film.webp","3866","A3DF1ABC8E73EB8EEE022F7431DE6711DB33613747C978A1D6BB2C690BFAFE94"
"images\story-styles\korean-urban-soft-light.webp","8468","AD0E82FCA0655A10AB19A3F0BAB94F4E93B603DD33D9B61DF8D07F58C1D94572"
"images\story-styles\midcentury-japanese-cartoon.webp","16090","63F82B34E7EFEA42083AB9A64CFF3E0780B89636822D80CBA4C09D6774EB8103"
"images\story-styles\minimal-illustration.webp","3926","6E09F25EE0ABEE9A35948C88C5CD42C32E69C90AE0F69F1BD85EC8B937DE7FD4"
"images\story-styles\neon-cyber-cinema.webp","13162","7B2491F820D801AFD144DD8B132E4A0E3411E4B3A222F6C26D56A206D62BBA5A"
"images\story-styles\nineties-chinese-rural-film.webp","17312","C3E79A8F6BCCEE8FDC105A50ACCEA844B9B00E45539B75615F0837E692A2BB48"
"images\story-styles\nineties-hong-kong-film.webp","13692","8B1B1BA6FB5AE60345E281779A82F9F53014EAFFC8AAF63BB6EC5899DFEC489A"
"images\story-styles\nineties-realistic-film.webp","9930","F1A4FFC0C7C51EFF4C0B7774C9884BAEACAB5171B990E9A6DCCF0FD9F390D189"
"images\story-styles\old-industrial-cinema.webp","10010","13228B24E2C2BF4623491B1EDDD45A0D5CF3A17AFCC96AB106EA2EDFB6A37C3F"
"images\story-styles\orange-yellow-film.webp","7904","988758F47A47CB8D08DC479B9EC0EF675E38DD2132789551FC051D5D5C54B63A"
"images\story-styles\oriental-ink-wash.webp","12320","82F75D8FDA0725C9FD0EF47EE87C965254E1E9BFDA909E55EED07FB4268A7878"
"images\story-styles\palace-intrigue-cool.webp","6878","F0D3BCC42564C36D22223F39CFC5D179553C6579D0F0D24593FB88F44561BE5B"
"images\story-styles\pixel-art.webp","17392","941165BD105D408129D8DFE6FFAA11031C49B9D51F1E8210E4579F98ABDFF68E"
"images\story-styles\purple-tone-film.webp","6410","4F33E606360D60414A0A50CCBB6237A5918DD0E7D6CADF544BC8648757C2AC41"
"images\story-styles\retro-atomic-punk.webp","11106","C98FA33FD7D8F781BC96F8C52E30CEB99DD7C485CFCECBA3B330A4AEEA9D2111"
"images\story-styles\retro-film-cinematography.webp","9680","D721B3188EFDE4DDFD3882B327CDF0ADBC428B82C3EA89676D0055D01F91961E"
"images\story-styles\retro-halftone-dark-gothic.webp","10280","9377E8A6E493BE3343C52B38AB1C0E22D7D93674BCB05EAFA6D66598F3713451"
"images\story-styles\retro-narrative-film.webp","6850","B0DC2C5152B35CE882788D88E9399084932D3AAE308BF8E31231AADF109119C9"
"images\story-styles\retro-textured-psychedelic.webp","15294","5C39745DCEFF902B3E6C2317ECC8ECE83A9C95668013EC3CC9B6B06A45F6194E"
"images\story-styles\retro-war-film.webp","10298","486677C9E3FE0B29944CAED1C9633FCE45A986366641CD5CC72FB186F101B376"
"images\story-styles\retro-y2k-fantasy.webp","11450","56F22BC5A49596995FFAFEC1E058807E45405CB7085A39E3BEDD47AC4AB8F2E4"
"images\story-styles\shanghai-animation-film.webp","12048","E6F4E597C15100A9B05FADD175DA2A995C2C64ACAD61C247EF3AD74695149B32"
"images\story-styles\stop-motion-animation.webp","13598","9D2A3724E8D741F27B1438E21EFBC3424E03B2C1CC398F214DFE298FFB831BC2"
"images\story-styles\stylized-3d-render.webp","16530","8B968BA733FE393D915C24C3E7484AD5CB6EB5A3EA036F8435A751C945EF5347"
"images\story-styles\surreal-3d-render.webp","12604","F1047EE506A46AB812866A9F344C026310F559B35C6E0F43CEF9F0F41143A300"
"images\story-styles\surreal-melting-dream.webp","12050","5855807D976B58C588231A0E56CE3C00C9D427E80F5746DC3DDAE5D4F8195E4D"
"images\story-styles\suspense-film.webp","7612","BC2C0961D69598EA9FA521EFA6F1DE4EDE2D330333603FD3DC76EA1B6195622E"
"images\story-styles\technology-film.webp","11502","54F44792A7EE4BB04CCB96EEA7625DC0E23B3E45BE3D613082DC8F7AA4A3ABC9"
"images\story-styles\two-dimensional-cartoon.webp","18530","7FD1935F4B0F8CBFCA3276201CD07F48AD952C697C1BD9357F442ACECFE5BA68"
"images\story-styles\ue5-realistic-render.webp","7352","335A036A97BC5FF5ACCA2065A65F32A1BA95E4D9B199ECFDE8DBE6767D2D2A18"
"images\story-styles\vaporwave-illustration.webp","11016","1CDAEF9A578C8339F46F8578259744870373F1AD81F431AA422541212315CE5F"
"images\story-styles\western-3d-cartoon-painting.webp","12906","865CA3EF5CE060EF4406C9765028533F3D24510AE6253483A991FB95936AA083"
"images\story-styles\western-3d-cartoon.webp","9212","427BD6AC03A9CB4E9DBC0EC7D21EC005B8F9AC75F665F842C96A79FDE9F11395"
"images\story-styles\western-stylized-3d.webp","9274","26E8244FD97F7D29DEE1E04168C37AD5CFB42459BFF4448EE5BEFE1D6DCB0AB3"
"images\story-styles\wilderness-film.webp","9610","B156AFF0FBE21C6E2E8E0A059E3300ACBA11F5C7CC8B067C1E937923947A8355"
"images\story-styles\wuxia-realistic-cinematography.webp","5888","C598100319BC672E1AF69302900AC94345060A550EBA52CBDC715FE9D27D55B8"
"images\volcengine-ark-api-key-guide.svg","9576","97CABFFAE649001349EFC8578D20EC089E22375F2E349D66F7E1549A08BBCADF"
"images\volcengine-speech-api-key-guide.svg","13822","FFCF8D1F30FAC864066C0A72C069DA6A9F40C790B65A9CE306BAB723714BF3C3"
"images\volcengine.svg","858","84F9E2CD1DA7E73DC6C9A0F2521745D39CAE96C008752CDB1BAF57A8C94393A1"
"images\wechat.png","192032","8FC3BE5FDCED08DEA1C3B911F520F8412C2835195B3DA0FAC42997B65FBFD547"
"images\white_cursor.cur","68966","12DF41104AF54BA97A1A8236F610AD0823ADFE2EC05C7E8CB0A3D26F51DF6327"
"index.html","150845","B38104038D2F15CB590000EC51C4C96353F66D10EC94C538589A26998413E67F"
"main.js","41645","0CC65361CD77E4B1D27C09ABBBD22539C0368FBD008E35724DA128033B4D6ED8"
"native\screenshot-helper\bin\screenshot-helper.exe","301568","D111371E6F0D8DC491BCC64C58C3ACCBF8408F1F7842D7F9DC3A3ADDA5AA5B02"
"native\screenshot-helper\screenshot_helper.cpp","40830","BA3DC93BB33C8360C1A9D4A41736BBBECB8957AF673E22326BD2B4A16FEAFE06"
"package.json","321","D0D9070BC26BC5E81C6C213A5F81E0589E1CF93454676C7ED6FD4CC6C2912BB5"
"release_notes.txt","30422","A62C23F51090A72B92D9F8B6E668C0343257DE869FD07FE5D82DDB9E04CE623D"
"requirements.asr.darwin-arm64.txt","85","E0313CFE588B6FF58533790F985E763813E9A62C9C63BFC43796C39867756AE8"
"requirements.asr.txt","148","002DF8ED3307904D3A949D3F9DE006D701BC91BB5643E5275C59D0230959E327"
"requirements.base.txt","95","E74F430D457959CF1ECC04DD1848742E88E352CCA35ECCCFEEBD8FF3C7797949"
"requirements.txt","49","24D422155BED07E8793A1D2EB8D3F4624252121A2B531498FE7F13302057BCEC"
"src\components\AIGenAudioNode.js","141815","F54673C3A8DA5A4D152CDA9EDC6A379FF231867B174527BFAFDEF4B3C3C33A1B"
"src\components\AIGenerateNode.js","14113","B3FF6D884C5170F9AD1D92B15D64868BA907DACE5507ED4F7F0C215AC2D94730"
"src\components\aigenImage\adaptiveImageInputRatio.js","3992","F35687AC0BBA27804B3CBEC28657A327584886A28495270BAE64E2893D056F68"
"src\components\aigenImage\audioVoiceCompositeState.js","2426","6DE8C98BBB881DB876120BA76C14EC4118E0BBF8B6FEC349903EDAF2AC473630"
"src\components\aigenImage\defaults.js","1303","DB8DFAB6E84FA6D04BABDA7D26312DA4E2476B7EF03D740CED749F002EEF38EB"
"src\components\aigenImage\dreaminaModelMenuHelper.js","13725","D1D9DD7CBD1E858D12B343C5E8183F79E46B618690464DE26EB0B010C3867F50"
"src\components\aigenImage\fixedImageRefBar.js","14380","0DCB449FFA2FCA77BA4C58756CCA368533489E92AA684E4A16FF01E8FB51856D"
"src\components\aigenImage\generationUiState.js","1706","E13BA65844DD80C1A127BD274B733F54C3BDE1E7A0058FED8E0A93E222BE94C9"
"src\components\aigenImage\imageGenerationResultRenderer.js","6576","EACEAAA5661CF98C63717FDF3783AAEBCDC73C93FD7D998A949B14F66608F6D8"
"src\components\aigenImage\imageNodeManifestPolicies.js","2934","F233768438E94471898CC418ECBA9B0D6D6E8592810872FCF028F1CBFF2F5B88"
"src\components\aigenImage\imageObjectUrlLifecycle.js","5076","0E29F89320A6878878460C6F153A171C2631C7FE588745E985D42E51527453A7"
"src\components\aigenImage\manifestInputRequirements.js","5857","4A5FD5734AFDC42D59AF53D465858E0606791543D1BCBA474B96D906263FAB22"
"src\components\aigenImage\maskPreviewPolicy.js","2336","7938E8E4D5762F2DEE0AD9BE34F5B22C89986AEFF219463868E80A64A63F335B"
"src\components\aigenImage\modelSelector.js","18698","95788C78981FBD51DB0783B4A5DD6E584061BBCCDB525D53D296900BB60F46BD"
"src\components\aigenImage\multiResultStackBackplates.js","11730","6013F320D2BDAAC31C29F221D2DB013FAC096ED3E4562FF72939976794FDB429"
"src\components\aigenImage\refBarDragSort.js","1452","1FBB88E8BC7D886BEE60C9A1F3C5C0329D0F47C7E66F175528BCAB51411F6233"
"src\components\aigenImage\refBarUiHelpers.js","2370","6AD4AA875177012E5FAE8CB7B6E0CF837C868841A9CBFD9614251CF281EDC1CB"
"src\components\aigenImage\referenceImageSources.js","6147","ECF5879E8D8CBE7E442D9E3E46828F2B767FCA2790B47C58DE5E3687C447D299"
"src\components\aigenImage\refThumbObjectUrlScope.js","3329","A554B85B04FF91A51F024D62E1D202F6E344FA9DB89F0456C49BFDBECD66B3DD"
"src\components\aigenImage\resultImageDragOut.js","13173","609E8B63E4E8AFFBABEB9B19AEB3F6A31C2025AD27897569CE011443CB6C231D"
"src\components\aigenImage\runningHubInstanceControl.js","6152","02C833BDDCF52A37AD2975140EA8F31F268D07005DDBFB4278A26726224DCA9D"
"src\components\aigenImage\runningHubInstanceDevModeBinding.js","2774","A891ADF031F90D9744CD27378BF266F15D30EC99113B9A29687CCAF7C7F6C22D"
"src\components\aigenImage\selectionStateModule.js","2209","F55C86295FC0B2029CBE3745C3CAC2BFC682D1D0CC71EA41764D6041679302A5"
"src\components\aigenImage\stateSyncModule.js","34938","231504C89B00ACE82766C2E0853FD0225AFE98F809DF6B3867F7E660B61BC386"
"src\components\aigenImage\storedThumbObjectUrl.js","2736","4A44AA54BADEA3EED061A06895368F61B1BF2037EEF105333B467C25C2EFD8CA"
"src\components\aigenImage\taskOrchestrationModule.impl.js","102917","D712CC69D47ED5B4DA8207BE4C149DB2BF12C2A117FFED85538DBA26A5EEA879"
"src\components\aigenImage\taskOrchestrationModule.js","1198","15A960968ED26E47B406F8F813CAF88647F32087BFF4568807F685098BC23665"
"src\components\aigenImage\uiModule.impl.js","137623","1D6CEF925656F3829CB5A70D8B2924F66974D21E73BC05D75B56D819E6C5F7B6"
"src\components\aigenImage\uiModule.js","1287","2E60272380DDEF23DFA7C4565DE26E10324241D54D2FE0FC28B2A2578C1335DA"
"src\components\aigenImage\uiModuleModelHelpers.js","56780","F9BA2FFC99705D3DE1F091BBA241E3B7AB1B3FB19AEC7111919EC3614EEF73BD"
"src\components\aigenImage\uiSchemaBindingEvents.js","3665","5AB5B4ACC763325B9751D673F2777A79B726FE52FE14BDD61B14878300C74281"
"src\components\aigenImage\uiSchemaBindingSession.js","34548","3911473BF80DE0E9694546A510E79C907B06452B3EC421BC195758EB60098B86"
"src\components\aigenImage\uiSchemaControlAdapters.js","11733","C5F706508EDFBC5E2D238284414844BAD819F3A38638A417A92A5D0041740EA0"
"src\components\aigenImage\uiSchemaRenderer.js","126850","9EA260FF00FA49010F8236DD863764C0F171A942AD92424D13CC8B2293287861"
"src\components\aigenImage\uiSchemaStateOwner.js","33411","ABE1433F6EF4E46F103087FEC04AF067CCF9AEC194EFA2EF69610CAB25D5170A"
"src\components\aigenImage\uiSchemaVisibility.js","4175","6B19DC04B70EB96B09EC702F68D9D935FB45B0BAEDC193EA2070AE13EFC23ECD"
"src\components\aigenText\apimartTextModelMenu.js","14221","9361C596BE29BF5FCE737227268C7778F3FB522C27C7F3691F49D88265D52997"
"src\components\aigenText\customTextModels.js","1504","A1165F293CF157B9CEF0EA0FAE6A39EF3F052C1744FB5E80A65EDAC3997E446A"
"src\components\aigenText\markdownRenderer.js","9225","8786FEC3825DD57545A16E926108D1FA9DA2466A7AA1B1436A83CE4AEC48F669"
"src\components\aigenText\modelSelector.js","20347","36DE9828BE24E7CADED447911111110A3D86AAD47D4648DD23D2B7AE555C4F2D"
"src\components\aigenText\nodeResizeUi.js","3231","A9C20240F98D9E7131F29DADF437B38765FC4E296BA34980FA09FC84F6ECEB54"
"src\components\aigenText\promptBoxResizeUi.js","5328","A49B53394DDFD23A9AC18C9A6089059B9685B09A6088D7F9F974011D102A47DA"
"src\components\aigenText\readonlyTextSelection.js","7774","718D819A826050FC4EAA1DFE96FCA0573FA733A5E9C6BF98D644439E7A039BCB"
"src\components\aigenText\stateSyncModule.js","18197","39B2E618377D8ECA221A7257C10B54CF6963938CF8E1EA0D3F8E3655425DA8CB"
"src\components\aigenText\taskOrchestrationModule.js","20198","0EAC9BD4106B22B76682227C192020619F7A6A938DA43D403A531F87A5752C39"
"src\components\aigenText\textGenerationResultRenderer.js","6060","E159C13839B9D9E1FE6683CF5AB9611E5BFAD80FCBC35BA08E83EBC1312672F7"
"src\components\aigenText\uiModule.js","38332","26183D79C3ADBBCFDC1A14708F14DD05DBC813829C39818E5E33B519554D472A"
"src\components\AIGenTextNode.js","14999","1BD54C9E25C09AA84CD0FFEAC872986D72B0D8CA4A6A5291576352BFA90261E2"
"src\components\aigenVideo\modelSelector.js","34998","87D1FAB12AE18D10D21709EBE5C10C1ED8A127FA2BFA844D432622CB26CCE3AF"
"src\components\aigenVideo\stateSyncMixin.js","1180","7573913B44C7DB3B8A3FFB72B2BDAB149204921973EB5032FAF0683A199B7911"
"src\components\aigenVideo\taskOrchestrationMixin.js","2499","69736E93D991FA399EC9DA447E8D622B4F82C23DEFB6F7A907B933CEFF331AEE"
"src\components\aigenVideo\uiRenderMixin.js","1230","4AF455A77D144E51E4881207D19E074C6BE9AF296B7B167194F96998A8502D29"
"src\components\AIGenVideoNode.js","67739","5B7FFBAF75335B78892729928EF8185364D1150041E91376F47E1B01D7B86D6B"
"src\components\audio-node\audioFooterSchemaSlots.js","10402","14579DEBE2C8305A1ABE7B569DD547DEF6A0812A6F276C2311A73A7CAC2239D3"
"src\components\audio-node\audioGenerationResultRenderer.js","8709","495B0B6A43BDC0BEFC89850592CDD8C1AF015333AFCD294A0F17E8C251C8826F"
"src\components\audio-node\audioModelMenuHelpers.js","12045","D5847A5986AF38C4831A1FAE3464B62DB35CEAE0887D7F067EF1E0EC1730F7D5"
"src\components\audio-node\audioPlaybackSurface.js","11078","DFF1F74AF06DFA8068C066E5BE60037EDAE8A4D440E2890A00C908889CFB0770"
"src\components\audio-node\audioWorkflowGenerationParams.js","2828","0BF8F051826D126D56A40F44B33A14B8F73B0E37E445CE3AC9412FAE9EFEADA8"
"src\components\audio-node\audioWorkflowInputPlan.js","4191","7D92766C675D7EB961B381EFA2BFB106C25725A8A7A920A34A2C1CAB7324ACE4"
"src\components\audio-node\audioWorkflowRefSlots.js","3524","7FD847452817F50981846CA511F4DA59C169163C4CA073BA646B6033F67516B6"
"src\components\audio-node\audioWorkflowSchemaSlotSync.js","3922","06EDA14EB693D6F82F8DD9BBEBB0D5F99511A27D12E9F858608883F1B52A71EC"
"src\components\audio-node\audioWorkflowSelectionPatch.js","6257","4FD833B1FD0747C8A50486C15954A7129D992D74A20C85DAAA1E4E68C176EDAB"
"src\components\audio-node\taskOrchestrationModule.js","19619","20A94F65609CD0591BB39A429DECED4EE7FA34998C84D3A075374C151A82E9DD"
"src\components\CollageNode.js","93764","FD76F404F75D064857F07DA0759B1F60CD6C92D949A58971EF380B410061A0DA"
"src\components\commentNoteFormat.js","1809","A44EF4A9571139DC0DB71F3ED7C0179F0B48395A7FCBB2D2071D26C8A23189B8"
"src\components\CommentNoteNode.js","11064","A4A890278FD009FDDEFE26F6A236E86E6B9D20C22402854A8BD8BA93F3A1DABA"
"src\components\commentNoteSize.js","1909","96B9E3DF6A89D63F52B03991CBDF91EE2F7ACE43A17D93D533CF83EB6BC9D0E9"
"src\components\commentNoteStyle.js","3617","4A11FFA6D8E7CAD653F5C6CA6244CB9608C166BB32F769F86D2259166DDBEC1E"
"src\components\DebugNode.js","8526","FC0ACB43202FD5B20D3C437231D24B1F8C26F7D49E354C67F07BCB610E5EF993"
"src\components\generationErrorCard.js","4247","B4F9AC7275E2FE6AC0FF62637F59A0E2DFB3AA5789E9909FE8F058B322FF07BD"
"src\components\generationNodeHelpTip.js","18420","C954498C3D285627DAE43F4C4CE56C39F5078BD56455DD95EE19132473050C0D"
"src\components\GroupNode.js","26670","AAECF8B8218A696D7559AE6CD19F4C50C28074C5CD83BEDFD464357F2D8CF5A6"
"src\components\media-clip\mediaClipExportController.js","19303","18F2752F6DD2420F5EDA031147EE2C134911CBEF7F82A381B1535F32B97E676E"
"src\components\media-clip\mediaClipMediaElement.js","4088","6A83BD1218B0D8093294C1D16FF3A4B2491E2F6955EE4BE1F82A1AAE989F1F36"
"src\components\media-clip\mediaClipPlaybackController.js","31712","BBC67D68AB3044908096EF55ADFC6DA157E26A9CBF766F5E14DED4D7E6105C8D"
"src\components\media-clip\mediaClipPreviewView.js","15170","1EF8D526BEF840DEBAA6972AD9FC82B13672BFF779A1664C9E3C796A0DAE1B8F"
"src\components\media-clip\mediaClipReverseControl.js","2928","E622B5395614326091F7703C0B9F877D880EDDA421023141496964862D017506"
"src\components\media-clip\mediaClipSourceResolver.js","11429","882EF76A63B70A79A41A912F4CC70E930B1019C1917F54827B6148A475F2DB88"
"src\components\media-clip\mediaClipState.js","50272","24CB767E4C2CC6220E8036D8288977E9182E95956F909FBB04A48DC95B223483"
"src\components\media-clip\mediaClipTimelineContract.js","14629","DBE4EC46AECE243324F56E69179CCBFB742DD41912149BFAAEDB22EB4C60E013"
"src\components\media-clip\mediaClipTimelineEditController.js","38156","CDF4709CAC0665D6393D28EFC5F0BB71AF64CB12AD5789263EB75268809361AF"
"src\components\media-clip\mediaClipTimelineInteractionController.js","4349","E2916325FC9D98771D0D519FA01E74F9470313824F55F635CC08A1E9AE8982BB"
"src\components\media-clip\mediaClipTimelineModel.js","13210","C698470C3E82167A3279947B461B7B98E8DFC06928DF5F0DF7A3103B948799EF"
"src\components\media-clip\mediaClipTimelineViewportController.js","18995","38F8290E9520BDF695C493D5E4DEE02C225FC9406C9544B039089891AAA11B64"
"src\components\media-clip\mediaClipUtils.js","3616","0FDA9A0279DAEC1753D8AC97F37A1311D08C41D7822A675039CAC5814A90170D"
"src\components\media-clip\mediaClipViewUtils.js","5674","E5146709C1F1A6BF4E3F1B53A984F564C5BD76B7620AE1176AE57D667DAF84CE"
"src\components\MediaClipNode.js","165159","57F2FEB23B8DA4B1F73B205B8A16670C6C8B63444CAE42C42E45B568B4C10176"
"src\components\nodeToolbar\actionMenu.js","7290","432D516D2C19E0522457BA25C06A3571F15D5921E7D96040BD719A8060C30E2F"
"src\components\nodeToolbar\apimartPrivateAvatarAction.js","10924","46D8A40BA1AA48DD5541E8CA215E7BDB86DB1591DFA26F07513BAB92708F91C4"
"src\components\nodeToolbar\audioActions\downloadAction.js","5273","998B223E7A2727C5957D9BD377647765BE52E97E0537F6C98F1C8509F0F32926"
"src\components\nodeToolbar\audioActions\voiceStudioAction.js","2102","9498AA77972B66C67FD5804EE3FB38736171B91450D2798BA3D1FEC05E3A8C39"
"src\components\nodeToolbar\audioToolbar.js","5578","EDE490BAB306931FCAD377C940049A3724D95D4075B3E436A930697C66BA200B"
"src\components\nodeToolbar\buttonFactory.js","1975","A0029D475BF554A2FDFA0D26275FB1C0ED74BB37A512ED5CDAAB636CAA251785"
"src\components\nodeToolbar\commentToolbar.js","28480","5180FE834B3512C07909D143CD5536C5C950C21BA491B825B8CBED5421D8D174"
"src\components\nodeToolbar\fullscreenOverlayToggle.js","2212","80E022C7DB402D322AB34ADA87EAADA18A8F87C419A98A1166B5C3C049C77DB1"
"src\components\nodeToolbar\imageActions\annotateAction.js","1558","B6392C68C46006606DF4975DE88B62FEBC5EF40CDD4C41E21957C37EED8C50DF"
"src\components\nodeToolbar\imageActions\annotateCloneAction.js","3251","A822D28AC1BA7043BD69A79C8014F42A022FE78CAAC88ADFB7D59F747D7761D5"
"src\components\nodeToolbar\imageActions\autoSubjectAction.js","23897","A65C4AA33BD15FFCEDB79A2F07894754AD839E6EFEE87B56B6561D2DBB712099"
"src\components\nodeToolbar\imageActions\cropAction.js","1640","2A5C757B377C25CDE25DC5FFE40F34913DD4B5D5169630A6F0668F6FCC216346"
"src\components\nodeToolbar\imageActions\downloadAction.js","6972","2EDEF8455C7ECA80D8D62A6C5CC955828E8238D7688C0C4083D3D460AEE5D613"
"src\components\nodeToolbar\imageActions\expandAction.js","2254","8947468BAC35A5EDF521459F7A012A544CE8DC17EF7BD1DD2C40A3D65B29259E"
"src\components\nodeToolbar\imageActions\freeAngleAction.js","2336","AB01806AA34A1A7B6694921BF6654C8F1923AE414571E39EA2B2E6A1B217FBC6"
"src\components\nodeToolbar\imageActions\fullscreenAction.js","1906","061FFFE9AFA24029184D7126104E0A30647A69CDD87C027C19A732E6CA4B67DC"
"src\components\nodeToolbar\imageActions\hdAction.js","23823","83E6256CC6B23AD2D6E965A74FC32523164EA3DB27F21B1DBD302BD5BBE9BA63"
"src\components\nodeToolbar\imageActions\mattingAction.js","1623","6A8627AA714B8054B056009F56DDB35AFD7A1C853B2EB8E6B01CA788F634C8BE"
"src\components\nodeToolbar\imageActions\midjourneyAction.js","31236","276E2AC85E615DE4FB3ABE402B5873DB674237C1175F32B7953EA897ED5B70BC"
"src\components\nodeToolbar\imageActions\multigridAction.js","28811","32A92A449A8D403C9668C44039EC965A0B1E1CD8ADFBEF6882C12148704F4FF5"
"src\components\nodeToolbar\imageActions\panorama360Action.js","14372","D7890B0E97B79B05E443969BA3580E98D928FE86B3C70E8B92F15C7DC79AD63F"
"src\components\nodeToolbar\imageActions\resetSizeAction.js","1625","129B736079E8995955ED56CF2AF083D3A898FECBA4D715F2C84B65CB27B0FED8"
"src\components\nodeToolbar\imageToolbar.js","13471","8B5AB379301357EBF63EDBBAF292F0C2ED66114EB2791DAF91A53D2C412E2A61"
"src\components\nodeToolbar\imageToolbarHtml.js","14994","1BEB15B9929C1F8761E1D1BF17E16B9C34E5184B1B892D0D3256CCB0D4E7F985"
"src\components\nodeToolbar\imageToolbarLayoutUi.js","18182","FDCE97677C1666FE3770FB4900F6A2FEDBFFB3079B49B071EEF3CAAF41287E2E"
"src\components\nodeToolbar\mediaDownloadFeedback.js","2377","6A529D56E2953CCF04E3AE12CCC3981F0FFBF7C44C3E671BFAEBF36358A4BF68"
"src\components\nodeToolbar\mediaDownloadFilename.js","4998","6591096619741B328DA3BC8328AC89BC8DCAC1CC81CEC46DF74FCCD14836362C"
"src\components\nodeToolbar\runningHubToolbarTaskButton.js","8423","823C3D2E51B3D6A77B41BAA3CC2522D26C53311E24684B1D59B4CE2A5D345388"
"src\components\nodeToolbar\storyboardScriptAction.js","6815","84F152E5BC6B4E8F67A70B5E492F0CD797C997E0D1E7E95E555307D2A930E6E3"
"src\components\nodeToolbar\storyboardScriptToolbarIcon.js","1628","AB2465AE05096D506B084CD214C710A17DAD2935801EAC5789231D35B4DBF5CB"
"src\components\nodeToolbar\textToolbar.js","25633","A056A59A0D2DA62E66690D4957C76AFE26D19E9D36907265A706CC3BD5471A79"
"src\components\nodeToolbar\textToolbarHtml.js","3381","9D570BADB9FF95DB681BE96EA38ED285B04AAAFC13EF9F2267CA7E93C61B3E9C"
"src\components\nodeToolbar\toolbarShared.js","2468","ED6C695396433884179EF500FD3401205B61668ABD2537221B3F471695823E96"
"src\components\nodeToolbar\videoActions\clipAction.js","2439","9D4DF1E65AD31DE2BDF2CE266FCB1B16B8F1344E921ABE039EB076AF17DDA6E8"
"src\components\nodeToolbar\videoActions\downloadAction.js","3677","2964DB3136E7EC33FE6D2779B82A222FFDF7E186CDFD51387476FC17D57F0959"
"src\components\nodeToolbar\videoActions\extractKeyframesAction.js","4350","0F635C221EDE688DFFDF87AF8A55B4AD704295432596C374D318BE5554303324"
"src\components\nodeToolbar\videoActions\frameInterpolationAction.js","16248","729FD9CFB9BC48D933682F9C2CBA50FCC29B2412B9EF9A5C576436CEE12B4A96"
"src\components\nodeToolbar\videoActions\fullscreenAction.js","1814","46C0D44EA3D42E51DF8FF575EF0C607733F92DA62ABA11A39F1B5F1966047905"
"src\components\nodeToolbar\videoActions\hdAction.js","21036","1431AE2BBCB4E4A573EEDAD31F1034E0C7AB843E4A423ADC4A79C8812C1F89C3"
"src\components\nodeToolbar\videoActions\keyingAction.js","4667","93C3028A908541F387066B738EAF7353F9C06020D1C38911F11CA0AB111173AB"
"src\components\nodeToolbar\videoActions\removeAction.js","3217","78E28256E2736DB441CB95A3B66414348A4828CC3CCD53D35F32AFFA15F8D138"
"src\components\nodeToolbar\videoActions\resetSizeAction.js","1683","93C746D85ADF34F3D2545F13D44D34680406A8FB5AC69F38FB13897B601324F2"
"src\components\nodeToolbar\videoActions\reverseAction.js","3978","6CF272C0C0FF2E8804829C23EFF5BB702D1AAA0BA356F687C9EF6BAFCA1699C1"
"src\components\nodeToolbar\videoActions\separateAvAction.js","2245","CA079FE7C3592B91AEFA2C8AFD5D7E7B298FD1FEF65F60C728121D1E10A952C3"
"src\components\nodeToolbar\videoActions\smartClipAction.js","5042","67A25F1FBDA69B102348EE7AC206DE8C39706780BBB78853307F0120F297CF6D"
"src\components\nodeToolbar\videoActions\voiceReplaceAction.js","2406","5B4A09C44F99FAA6EAF344C1B1AD590B14DE5FD4D91840E4B3AA6C26FF1DFBDD"
"src\components\nodeToolbar\videoToolbar.js","21568","92F54D2867CC1CF900B850DFBC28E3B307195CF90021BB9366516AA60A5A5233"
"src\components\nodeToolbar\videoToolbarHtml.js","13063","885F96CBA41B8BF66628CED685BDE64FAFCDE1A12FB775E129453093165109A7"
"src\components\NodeToolbarConfig.js","1564","040D5DE5EDBD0EC4B648F7501C7AAE7C087280093D095F403DAF8C6210989C33"
"src\components\panoramaScene\CameraPresetList.js","7169","822DB616AC01379BAD1D09C4088196C2C8BE064ADC09191769226DE361B04DEC"
"src\components\panoramaScene\CameraTimelinePanel.js","10753","5AC9912D671205513BE8B58F5522D77BE04F62F5A406C3919EDCACC2B56DA9E9"
"src\components\panoramaScene\MannequinPosePanel.js","10477","2BF2A02003F436E5D138BE3C362F185F5E8ABB9BA8B276658F74721ED6AED88B"
"src\components\panoramaScene\MannequinQuickMenu.js","7678","A80FEAC71A290A3149112C20DE86D77858BF0BDF4272E2E659A60AF6B330B4A3"
"src\components\panoramaScene\PanoramaModeToolbar.js","10755","EF8A6BF6F6C557282CFCD1335C5E722D28A91843B01FE8A25ED3C427CA385C34"
"src\components\panoramaScene\PanoramaSceneBottomToolbar.js","8350","5EABA3D85AA0F5FE99BC330907ACD937B48588C5D20A9DEA7494CA6F76592AD8"
"src\components\panoramaScene\PanoramaSceneCornerToolbar.js","2310","F77B9309E6E6047636BC3C66B50BF2ED9E88A9F8A021232C06BC3BE5D47BD579"
"src\components\panoramaScene\PanoramaSceneToolbar.js","3939","B130520450334DA5ED84BA9E360595AA48AD5F4ECF8556E50866063ED603B5CE"
"src\components\panoramaScene\SceneAssetBrowser.js","6344","0917B17B17CBE18C83C36F2D810D815D9BDCA5BB68286FBAEB1A517A14841888"
"src\components\PanoramaSceneNode.js","126084","49A2EC0FFFBF7D3CEEF3800D1A7E8E85A2B90C36956FF41E20A02767257BC5BC"
"src\components\promptBoxResize.js","2136","6233B8C198BE678B9D3EC18AE19C10CD87D874A179F69CA94F3A3BEB28F6A671"
"src\components\promptBoxResizeUi.js","6046","E8ECA4254C57AF80FFE4FAF45AA3E0C17FEA7AA9A33C3C4EC40D6952C1FCC026"
"src\components\promptPresetTrigger.js","4766","44044B93185DE3750B40FBBBC2DBD79FBCAAE408309D8750095C87F7FE476F58"
"src\components\refAttachmentButton.js","3201","101BD6E2DC05F9A5E231043E0F5D25A454AF090C2BCD441A2909334EAAFA6B88"
"src\components\SceneDetectionNode.js","22831","1FC671929E5E11503754417FFEB30DEFB98B1E5F59485A9532F66B97B3CFF673"
"src\components\shared\customAiAppLogo.js","4105","EC6E6BE9EFA4E5A37EFAD36CF73F8161B469322FDCBC35F494CC2CC2D04A790B"
"src\components\shared\generationDisplayPolicy.js","16239","24DA54BA10C05709D07BB96EE6A534917B0BC58DBC441BE7F86FBE35B58097BB"
"src\components\shared\hoverVideoPlaybackLifecycle.js","3484","4C0D1C932F1DA0F296CFE4A5004B198716D641EE6732680ECB44B4DF20FCFDEF"
"src\components\shared\inputSlotLabelFormatter.js","2024","12DFC93DD09E51752EF7AA11711699D8EA47E583F415EE26AAAB957FA5B5F88B"
"src\components\shared\modelProviderProfileControl.js","10783","D7CB8F2E143EA4679F40DFCFC02BC038995B6EA56FF17C0267D8CF8BE68AD09A"
"src\components\shared\nodeFooterControls.js","28913","6FCFFAC6257810A233E9377E3EA0317CEB3B7B85C4132E2AB9BB4E66714AABB9"
"src\components\shared\nodeModelMenu.js","8974","E7D2FFBDFBBA3F722B44CEB4D3DA06D9B56CD5348B8AE3142091227EF3324E84"
"src\components\shared\rhAiAppNodeBehavior.js","5796","9A5B0C11980BB7C487CE1B784868C9018BB344FFBC6D82EC79DE90FB4A5AED11"
"src\components\shared\taskToolbarPresenter.js","7978","83D68C3D2EA1A1E6BCF0968DD6340E2FBEDD59DA62C0CB7481C8994DEDD843E1"
"src\components\sharedIconMarkup.js","3377","0A630F7D0B9774DDEB7E08873D5849CD63328E389D89EF765CDFB19C6720C128"
"src\components\sharedPromptPanel.js","24817","DC8FE5875570B667F4099E085C1C2A50B19A139990DB6BC84B2628BFA417424D"
"src\components\source-video\sourceVideoHoverPlayback.js","5317","911C19B9B88D08BAD697137DC450D2C9C5AB3621783BAF0BA998CF5A5F4AF5C8"
"src\components\source-video\sourceVideoMediaState.js","2395","28BC4C6DD02FA728A26048BC471BC49E60141A4117CDFF84ACDF0AE86451F903"
"src\components\source-video\sourceVideoRuntime.js","4927","E03BCEA5A158B89E2D118CD0BCC5036982C8B33B8AC277F2BAED25F4F6A59B38"
"src\components\source-video\sourceVideoTaskState.js","9301","6B977524EE4C32A2F0F361CF3711A6E13DABB5DD6C748966D6B67256D6E169A5"
"src\components\source-video\sourceVideoUploadMedia.js","4611","EED8AF6F1643B74427181B51E9C15AF982B949A1868FF73139EBEB971B0A50AF"
"src\components\SourceAudioNode.js","40512","D54FF2F4BCE7DE718CF00D9D9654E09F6523E96CBE4D8B535A897AA66DEBBA04"
"src\components\SourceImageNode.js","80470","4FA7466A438BE3B038C5CEB8200E99E257999C2571DB846996C28CF62651ABBD"
"src\components\SourceTextNode.js","13452","C9E74EB79F2F970C25AC6ECAF5EB26EF0E3BF448DA6F7106B41AA0857DC6D235"
"src\components\SourceVideoNode.js","139888","4AE499C00B6839333F38220D27672DFECD7D278416EAF252A117D1D943BC4807"
"src\components\storyboard\storyboardAssetRefs.js","6949","5E2FF3F40CAAEB35D396FFC72D42221633F86927824026C249FCFA935929C2B4"
"src\components\storyboard\storyboardBackdrop.js","2725","56D97920B248C3B220EA5E7A83C573C65A12309BBC0D26C7893685F2EE32793D"
"src\components\storyboard\storyboardCellContent.js","7646","517913C1EF80A2234A32BC212B6AAF3937D8F2B462AB336713063386590E842D"
"src\components\storyboard\storyboardCellDom.js","3591","39008B8E01D3DD0421EE2DBB780431E0551B67F9F33C67BDF58F7D136B286B15"
"src\components\storyboard\storyboardCellDomUpdate.js","4072","3C4E9CA97FD18D5A57302D97682D1DEF0620A0473E6783A198AAE27C71BEF7CE"
"src\components\storyboard\storyboardCellStyles.js","10423","D955606324193D8700F8A43F49D2A49365F999A854E9776849BDA101917A804D"
"src\components\storyboard\storyboardCellSwapDom.js","3040","FC4E4E2D895150E510ACFC281A01F1F761875F39E3E9CA9CACF7C04FA9A04749"
"src\components\storyboard\storyboardCollapseState.js","2535","4DAD17388A8997E3851CAD67EA09F2510A0C1813EC552B30EF247F4851F3DA21"
"src\components\storyboard\storyboardComposeFlow.js","11160","24F7DEC375239E6F35DA0158D9ED08194D12CDCB6825F078F54E7FDC0D48C442"
"src\components\storyboard\storyboardCustomGridDrag.js","3965","833CD957FE9E1564D46115FAC4130DA909E003224A4FEEDDA3685A81ECDC7116"
"src\components\storyboard\storyboardCustomGridOverlay.js","5273","CFA7F375E3907F17A8171E18B375BEE3EB4178E031CC7F07CF51949156D07FF7"
"src\components\storyboard\storyboardEvents.js","5456","21AA144FD41FFBDCE717E57DB1C7D65B846B9E747355B70F58770A6305FFB388"
"src\components\storyboard\storyboardGridLayoutState.js","5373","CA6D677AA1B894AD5D5D446166D91CDA8FF4491A668F7FC1537B855854A74A24"
"src\components\storyboard\storyboardImageRuntime.js","4644","B1D8902261D10BBAE5B6A15B1843F249C9F88FF2E1542BC06D6C715789B7D67F"
"src\components\storyboard\storyboardMenuOptions.js","6224","0252AE2A03A6F03164B63C9D527C3EA53F61B4ABF9FA124576E7AC43C506992D"
"src\components\storyboard\storyboardMountDom.js","5878","99B96A8AE9A9203E5ED8ACE580128077E7FD1F5CBA37E4B8236DA1095D2B2370"
"src\components\storyboard\storyboardSourceMaterialize.js","8231","03CE33C6B32EB8059975E262A236A098878359862059CA1DEE9D1E408A46C87A"
"src\components\storyboard\storyboardSplitLinesMenu.js","3607","71BEDB249B6D70E10D1CCF3B8E68594E83B5FF1BF2FF3BF8BBF9AA170A922FCA"
"src\components\storyboard\storyboardThumbnailBackfill.js","1726","9D410E2C9187AD78CE6C44637F68019F31DBCC2E36BA2EFD8F706B8B2449838B"
"src\components\storyboard\storyboardToolbar.js","10363","0E864FCED234D2CF3A10B96B34C409CDDCF9F00ADDBB8BC0C45D8786BDFED014"
"src\components\storyboard\storyboardToolbarMenu.js","7336","16B926F33165BB844831E104581AE8ED336D9963207393A35902CA998D63959D"
"src\components\storyboard\storyboardUpdateFlow.js","4291","927E4B840F851F0D28B507A1DA793930055C895BD9D2E065A1D3C338ECD99B03"
"src\components\storyboard\storyboardUpdateGuards.js","3634","CF257C3445302BF539CDA314D331731FABB094808A73DBCD1DDC8D0EBF4CC9F1"
"src\components\StoryboardNode.js","43624","191A2E999287AE7021985BEF24E8432F78C220EB65155EAE448B4850F59F1049"
"src\components\StoryboardScriptNode.js","126897","DEE26882977F54DB85208E65E3ACAFD6EEE81B633A184FFB34CC72F2D66F16CD"
"src\components\video-node\deferredDetailsHydration.js","4187","7EEA4B7F0FB0B84CEF2465DF9676AB2042F68C4AFD1B99D249E2DD952E7F1D27"
"src\components\video-node\dreaminaParameterSchema.js","20461","DC188498383A5330B99906BC81A5EDBDF7E3933FF9E5F48EA35B4011E2584A28"
"src\components\video-node\fixedInputSlotHelpers.js","4037","3C2943814FE9A5BFF14DCEF4EC5A619939A300B447947C3A46C80D7249F0AF23"
"src\components\video-node\fixedInputSummarySync.js","3667","BE7210A4DBB43CBF7AB589B68DB2EE7B4AC4BD23049BA532594CE32CE4F76286"
"src\components\video-node\footerShell.js","3899","B6B06023ABDD017A778D819E80F8946F3A6AAEB56AC68AFBCB7BB77B27B5A167"
"src\components\video-node\legacyVideoRatioPopup.js","2685","43F01D101912E9E9596553041F95C1E864261C3F911CC7E52DE92BA1DC8F10E0"
"src\components\video-node\mediaPlaybackRecovery.js","22897","A383696D5D20F6BF9353FACB471380FFE4D83C46FAFB2526354CB20A336C1296"
"src\components\video-node\mediaRuntimeState.js","4687","7037CBC2E79665DFDF69107EB8798A21A681EA48190C76F618A3A92978A62414"
"src\components\video-node\modelApiVideoInputPolicy.js","4469","4AA46CD3D0B3AC189EB574D7F63F4F83C77DE7F837C8E50CD335DE06942E78C0"
"src\components\video-node\modelApiVideoSubmitCompiler.js","32975","8F86FB7C98F91E46131877D3B8098007FF1CF7AA617980972025735794565481"
"src\components\video-node\modelSelectorShared.js","9014","162DFA0D3F1B373AFF5A048A1FC9BE67DB8654F086FD113925390DC7A62583B4"
"src\components\video-node\parameterPanelModelHelpers.js","26625","88A76C6C01AEF5086698016BF4703D6AC4110F88E53A82C18EACDA5D6258BB11"
"src\components\video-node\parameterPanelModelSelectionPolicy.js","16095","578509042BC00093C7F3B23E0DD2CB029D699A4974F1D26FB4A35F0FFCA65FF3"
"src\components\video-node\parameterPanelModule.js","103647","10E1FEA2A5013B22A6BCB8249E51798B70FC2CE6E69C4A11BD5C1E662517B0B2"
"src\components\video-node\parameterPanelPresentationPolicy.js","10587","3706272C4EEFEA38F0E2471F9C166823A3CAE945B8AB1B9D9E6EB556840F3407"
"src\components\video-node\previewControlsModule.js","40766","97E5BB08776D8EC7EC5E739F73A07BDF0E3B1BE52931359B6D5B518E4717B1CA"
"src\components\video-node\promptInputSurface.js","14031","7D9C6CDF40FA2033BA8984F32B822C35681E64980F1E7BDEFD180B31992E1ACE"
"src\components\video-node\referenceInputModule.js","56784","06829511FE9ABFB5B043BEADA496FA98103E6D62D8D6A6AC85128AA6037CCE02"
"src\components\video-node\resultRenderModule.js","81400","2472C3D135D18F4EAC906BD8F5BED97298DB670E889AA5406615E898518B984A"
"src\components\video-node\runningHubVideoSubmitPayload.js","26856","6068D38F6A3215F5D6CD6DA389C84AB0AF66DF6DB5857A196341BC4DA3B556BF"
"src\components\video-node\runningHubVideoUiSchema.js","18489","1659862C63600E0380C468C60700E54E19687E26BCD0793C48592F9FF92D2E22"
"src\components\video-node\sourceVideoFramePresentationBatch.js","5342","06C04A29F7CA8FA3F56FEE9E358FFD8E55D9FFD15D2BBE437C6105D75B89CD85"
"src\components\video-node\sourceVideoFullscreenPreview.js","9793","21A679111834C2C7E76552EB9FFE1A5B45CECF590201027523F5478721516716"
"src\components\video-node\taskOrchestrationModule.js","102441","0C19783C62A5244ED326D3EA833B45141E6A583515015922BFC38D361DC3841E"
"src\components\video-node\videoAdvancedSchemaTarget.js","4443","7B5ECC233D0FD234A8193A58EF507DB80BC8F0101FFDF7D470D2573CCA5909DE"
"src\components\video-node\videoGenerationErrorCard.js","1364","105382C3D1AD65892F4318DFDC483EA8DD2A128EDD3C7103ED7F73651127E93C"
"src\components\video-node\videoGenerationResultRenderer.js","6731","21EDAABD2486509AD1C550C63B8816B8ED5074ED56C0B46384D0349185B17463"
"src\components\video-node\videoMuteState.js","1946","DE7D482D9DADF97AED13E8E106602EE860A3EA13E096C356330653300D726513"
"src\components\video-node\videoNodeAdaptiveAspectRatio.js","4293","980C4D28DA81412908E47C90947760F56F09FE29C1F516718AD30C48F0FF7551"
"src\components\video-node\videoNodeUpdatePerf.js","2378","80DD0D66C33269CBC8D003221F60D6750BF23649122AE9EEFFB60C966BBB048E"
"src\components\video-node\videoNodeUpdateSignatures.js","8646","74DBE2512A4A681A9B42C2E3A50F32D08E54572E36CDB4C4F6D0C9B8D27F50C0"
"src\components\video-node\videoResultNodeData.js","2670","631CB9CD51912E659E6F111B88B8559905900E7D6D7340DACC39536790C2FF1B"
"src\components\video-node\videoSchemaAspectRatioDisplayPatch.js","4434","481A462FCF896C16880AEAB2E1C46BF9A35B94B07E14F3965B846E03CCED2DFA"
"src\components\video-node\videoSubmitInputMaterials.js","16294","44C8D31ACF6AD386DCEEE5F90380734FFAD1CFFF8EE1BB12476DBCF36C05A52F"
"src\components\videoFrameCapture.js","11992","3B33B131C0125AE2326D2C16FF1FE33DF1F5429BFAC672BC11E1F640C452C85D"
"src\components\webPreview\webPreviewConstants.js","1219","95E0B3BA0286CF5289E07478AB0BBFB1C17D4E5A8E3CE43846FCED2A9402F8B7"
"src\components\webPreview\webPreviewDomUtils.js","3000","B236946ADC8A1C4FD17D1939769E559379748DAB9D47880B4E429479A1801140"
"src\components\webPreview\WebPreviewStartPageView.js","17648","9914A4507608D6B588E323DA97F9D4B8727F5228821A2E2D2EAD4866DAAA0CDC"
"src\components\webPreview\WebPreviewTabBarView.js","4830","C9A038E35D5F983547124FBBD8F7C90AB271F7F41174F627A047DE582BB2632B"
"src\components\webPreview\WebPreviewToolbarView.js","7526","2365BFC3731F9A643F82F2C2E724D4FE9136DA9A157FF814A08B424D3D1F7A33"
"src\components\WebPreviewNode.js","47936","2FFD1DB603CB348E1944ABBFE523684B9E17394E294835466892E0DA14302283"
"src\components\WebReferenceCardNode.js","6861","D17F0C8ACC39F44317EE9D04AF18E89E2F8BD129C843B5F488F1B1DE6DF8187B"
"src\components\WhiteboardNode.js","173791","AEA4A2EA07C553ED9D196217537617526A4AC0EBABB5066B1F9561CA92808BF6"
"src\config\modelConfig.js","6714","A2219421EF5B9EF93B629B6A0FF1618191DE465149E0820A9EA7E83E85A28BA1"
"src\core\canvasMediaWarmup.js","24322","14FD0A1589A5DFE0F0C6AC84A3AA62A3BFBCA63467CF5BE19BE4546E72745DCC"
"src\core\canvasViewportVideoWarmupController.js","18957","110190CC11B7D36855E46A1FFAAAE41CDA16C1E19A368CA0827363D57FA6EA61"
"src\core\canvasZoom.js","3453","4FB76A172294EA2E714C04033B585E891279FD2614B2DDF5A63DF06440B87DA0"
"src\core\edgeCuttingCandidates.js","4479","CFD5952CE2C800E35CBBB6286CFB68E70EC3D7FDE54D7612C0388E2FA32D29E2"
"src\core\edgePathGeometry.js","6405","CF2897F06801F742BE91B1BB5B49D63BE1CCC4E3F56D50C8059E061AC0E1EB68"
"src\core\generationExecutionPlan.js","10774","494A5CF8FFE41A8C2BE7DE65F28EE2F58B74724938CF17D930AA5B1B11CD1849"
"src\core\generationResultRenderer.js","5373","6628A6F7618993BED2D40F9882696D922891E73A6D30F17DB72CC0410565CE74"
"src\core\generationTaskErrorState.js","1701","B1C2589174ECC030994C2D5E36A7860703F2D548979E7E6A18E3A55ABCC5E0BE"
"src\core\generationTaskLifecycle.js","4792","19CD4B59B5FFACE07F5E32BB0CA50F54A485F105B39FD294E83A028EC80695F1"
"src\core\generationTaskProtocolState.js","10960","3C0E420D5DDCA32CC5EE9A50CC7B673BEA11CD306C385902B55C8E5EBC867527"
"src\core\generationTaskRuntime.js","56237","6DDBD5A33D060D2DA750AECA8AED5D0949D1CB89757FB7FFE21A2825FC60E6AF"
"src\core\generationTaskUiState.js","8039","A3F62199BDD08E3FF3FCCF6F80AF1ADEB683FC8DB5E583AC8964262DFE3DB995"
"src\core\imageTaskRuntimeState.js","7226","3E6B67AA8708EEDD05C302CB7545CBB0EF6F3903CE40C4CEB7179A43D2D4BF59"
"src\core\interaction.js","53659","827A9147FCBB88E3C2DA961F2FC3BC12BC932D37185FED55979B7A0527733711"
"src\core\math.js","74457","5CD5E6ADBD1BB40C4B1416F685E5C957E7ECB3DD6ACF7C32A031F0005602D675"
"src\core\nodeDeletionEvents.js","1736","AA100102B79E5A76D309A852E9A4491BF5B61BDE398D36B87C5C52133A7470E6"
"src\core\nodeGeometryOverlay.js","2117","7C79DC02B0BE53F33A9F5C56CFFEBC17674A79B77CF0C3739CD66B5AAA2DDD08"
"src\core\nodeRuntimeRegistry.js","2478","F3391E2B73666A43ED90E3D75F97B430EE92537A77F6442468089331D94DE2A9"
"src\core\panoramaSceneMath.js","30832","58C36995B569A2CA07499AB8D6409C8C61DF7944C7FC5AD094257D718C2E9672"
"src\core\renderer.js","122304","F57B26821689D8CD143CB53FB11BCFBFD29BC77E9329815FD3B9180CC5ECEE0D"
"src\core\rendererBridge.js","6832","59F092E48885CF7842D198FD1E41D8BD87EFFD5D13EE5BF0B5134FC98817C8B4"
"src\core\rendererCommitHints.js","1893","649089F91E88AE7F8E164CFC62FE939D8A800E97B7C68E079D4DB2B30BAFDB8B"
"src\core\rendererDeferredMedia.js","12031","A7896575D60A81F24B683DCC05872394A833C5FE03F0999A96C974B2B38F2B8F"
"src\core\rendererEdgeHitIndex.js","14330","6D8D7B0060F0ED6633ECB43A915E419F43CD94A5C7F5FF2A6CA0721B5D543150"
"src\core\rendererEdgeLayer.js","25695","B9DB5BEBC547273E537AB52D5AE09046E6EBAB909A68FA0BBBB73CA5209F1E8C"
"src\core\rendererEdgeVisibilityIndex.js","13845","2F48FF06ECCE4EED978B34BEEAB73B8FF26431BFB974760C7DB7153AD53A7E97"
"src\core\rendererFastPreviewAdmission.js","21918","F57A190F4AFFCA1D7E128AD7F434C7B42BD90C7EA170D60BBA6D61B17BDE310D"
"src\core\rendererFastPreviewContinuation.js","11339","72626DAC4E6AE5B19DA73ACE1F75FCBBF25B415C88BE24E660546F9BC5DB9371"
"src\core\rendererFastPreviewLayer.js","101643","A65C8BCC2D9D72E94E2D76276D6017F8F34504675AC548EFBEDFCD5589DAE065"
"src\core\rendererFastPreviewRelease.js","9338","6D7FEC1BE54192709CD76A424D135D32191DE43D3A8F693FD9BABD931456A34B"
"src\core\rendererInteractionGrace.js","2485","4706A46468F204392E8B17405F38B9F6257F871E57D8EB4D99CD1AF6AFCCF16C"
"src\core\rendererInteractionRenderPolicy.js","13178","73EE46FE2C22A54630CE4A168953D714109908BB24712A638A0685C48E0A68CC"
"src\core\rendererMediaRuntimePreparer.js","9975","9D87A244ACD9F16720606CFF1C51D62FF05724A34C2801D5A08025EC2003C0D6"
"src\core\rendererMediaSlotLifecycle.js","9641","CBD45A04E9688923FBCAFE2AFCA52E98CF7D9CBFE8BCC1105702D3AC7CFAD33A"
"src\core\rendererNodeDetailHydration.js","9753","4856BFCD4E0FAD31E46161643700DDC3618D83AB6986F13006C6F6BFD776CD64"
"src\core\rendererNodeLifecyclePerf.js","6711","79CFD8247D13A6942AC3CEBEB3D10C739B645CFB01616E583B12E9C295BAB3AC"
"src\core\rendererNodeMediaLod.js","4234","FCEDEB74BED4362349740BDFC52C79F9839AFAA6C4EA38FE113E347E54AF0E1D"
"src\core\rendererNodePresentation.js","14114","7A89F4239467F694776887844DEB192A153352DF6B0A6D728F836F17363880E8"
"src\core\rendererNodeResultState.js","4827","03BF085F9915E0921024D7A490C82AE05FC8F12484292AF4F5B01BE498D0C2E3"
"src\core\rendererNodeRuntimeBridge.js","2269","1341441767CF630937FC1EFA1B6B5E914D28166C76E4256A5BA0B898A2693496"
"src\core\rendererNodeRuntimeFactory.js","9517","E95D13E2D0525BCE59CC611E7DD29084EAA633D4CEE41679463C577C7CB4342D"
"src\core\rendererNodeSignature.js","2536","5230D909203B65EECA9FEB1616C8E0D3AC2BDD867C300D10C5123D7397F4AE4F"
"src\core\rendererNodeTimerController.js","8481","3E04FF028E1441DF166854816BE5DF87CA5577DB66E3A339CD41F785C57A9358"
"src\core\rendererOverlays.js","2492","1AD42A68239546E1CE4FFBD7CC2BECA081DD9B0B11E742D8B6FED64BE85B9595"
"src\core\rendererPanPreviewReconcile.js","11871","D5A346DC355256E7BC12814F97BBDC90186C301CF620948E7F663890F5F3F367"
"src\core\rendererPickerCatalog.js","2456","7C1C13523C826B1B889AA393157E9E13AE399A6C72E09AA83DF9061B93920B32"
"src\core\rendererPriorityMediaWork.js","9557","237BB556E188A68ECAA6773EA74E112751B24F10E96940B555EEE536C12AD838"
"src\core\rendererRasterPreviewCoordinator.js","13826","7258C6316468E386EC2660D2F6B1AE3A88458E6844D5E48EACA5ED63C565C0EA"
"src\core\rendererRasterPreviewLayer.js","41269","828DF2FBB33D898ECB51B3DA8A4AD553AC48A2937F92532C2196BB1F450F7A38"
"src\core\rendererRasterProxyPolicy.js","9157","EB79D68C8367530E2CACE6A68340A569B347D1B4ADAC1FCBC5E9A8FF3F244F4E"
"src\core\rendererResizePreview.js","2998","A7AB6ADA4036F52A58CC508C41129FF02B5AC0FDE8B8BB2E7FC66D4920820AF7"
"src\core\rendererRuntimeDiagnostics.js","2103","085CD49B56FE3E1312E6CA44F981ED8D087D623B5883224F40CFAA8574438659"
"src\core\rendererScenePlan.js","13212","7E7E64D69886DE5449641C1D49A995059C82102841F8869BEFFEE8EADEA7BDD9"
"src\core\rendererSelectionFastPath.js","7744","914F22962D6884D6AA5DECDCC52955803197410461878D33A25AFFB74FEA8095"
"src\core\rendererSelectionOverlay.js","25892","D38AE43E233BCAD3B5CB01202154E9716E5CD78FE2BF2360531C0B836A2852B7"
"src\core\rendererSourceVideoSlotLifecycle.js","6101","CBF94EF55B40B28E44E8E032515C212FBB9D5CCCB0D0392F45B054BE63325036"
"src\core\rendererSpatialIndex.js","9413","59856A8D7F0A21DA13B4B32F9352AAD37AF80E82A47F96F384ED1BB8512E222F"
"src\core\rendererVideoHydrationBackpressure.js","4268","C39819307F56AC9CF6CB131DF3BF55C0A3BCD52A0B5B571D524AD70E3B084D14"
"src\core\rendererVideoMediaResidency.js","9018","91A7DBA970CB59F63B72E5B95404AE92AB209D3B7710AA6B606D93DF9F49C3F8"
"src\core\rendererViewportCommitGate.js","2081","C14022477A4950726BA32F4FD70C2453234473A2817BF90C70B56C0157E71E11"
"src\core\rendererViewportJumpDetector.js","1962","856158BB268F32CA964E2362DAE8FAA2C821F5C7EEBBBF88196DDB9D9CE01642"
"src\core\rendererViewportMediaPreloadPause.js","3224","1FD052982A9BB54AD6A9709B7D26D4DF07090EE203037013BEB17076E91A91AD"
"src\core\rendererViewportTransform.js","2875","5D5088A028D3DACCB29E36B11F76D7152375E8FB0B48B59F8122208523B7C7A6"
"src\core\rendererVirtualization.js","21231","A7C36E66B4CEE23F83BD10A82A2334C8001391FC8AD2AD48F1706734BC7AF460"
"src\core\rendererVirtualizationSignature.js","4837","621306D5E6A25200D31E3D2A5214499D5916299BEC25841AE46F0CDDCD964AD4"
"src\core\rendererVisibleVideoSurface.js","8858","EBDBCCA37AE85710F11FCBB0009398F76B26987B8AF8EF2C270273BCCDDFB990"
"src\core\selectionBoxPreview.js","3797","E0F85DBB4631A290CA250F0160256187C0DDA815B01E836D5CB6811EE40A0831"
"src\core\store.js","1510","63AC8B9B685136B19D521E311539E4EAF1BA8EEC1B0D5298956C67540C5CA11B"
"src\core\stores\appStore.js","1423","B82C75B79621ABAE44161DC05917F608FB12345FD5EF2DD679E1EB56D95DC053"
"src\core\stores\domainSlices.js","3003","B12534A435E7108B5CF09A9B2E5DD470D03F1EA40E9468E60FF0A3B56E1C6C56"
"src\core\stores\facadeStore.js","2103","41BF53DDD1525C6D30EEF11C1FD471C96018F4972774A52FF8382A5616FC59FA"
"src\core\stores\graphStore.js","4188","F4234D100E2168F66921E2D96411F2EF50B2F93B37D6E0E8D5E7AC837CB3ACB9"
"src\core\stores\index.js","1555","7299B151CB8195A0004434FD99B1012E0977877E0ABB9286464228C27E30B313"
"src\core\stores\legacyInitialState.js","4673","D727141A06BFDDF7EE19EF39F6657DAFA1AF8089E3E9172D9C74D6D3E78230CC"
"src\core\stores\legacyKernelStore.js","84336","678264A8ED325083F6C19D825514C92E1971662014CCE48D1211C4DAF63A1435"
"src\core\stores\rendererStateRevisions.js","4055","242A776C41BBBAE38016C4EB8D3301DFE7604F957A3EF911B917B81FDD7F4F07"
"src\core\stores\runtime.js","1892","30887D7883897BDB4FE532221D8CD23EDEC409BA729D48B679A4BB1FF5E95098"
"src\core\stores\storyboard3dProjectState.js","2366","2564438A441AE66757BA6F679A6B495583F812A17CF5047625F30E94A5A61453"
"src\core\stores\uiStore.js","4858","725C161CF1510E09580ADA37393DAA9EC6016923DBB7A81B80DE2A6D3EFC4C44"
"src\core\stores\viewportScreenFrame.js","1892","60B23275422DE8759E52CBCE22F76B6C65DE76F73FE14E9BC1C9252C5159CA58"
"src\core\stores\workspaceStore.js","3872","1FF1175235BC773A3B012181D34A3798228846E3E072BC25F7666B700A6684BC"
"src\core\storyboardCellUtils.js","26979","C5571D1F515D59E60BA44C2B06448A01666C93B8581D6B5C7FD66A657B4F38A4"
"src\core\storyboardFactory.js","8674","C0B49B5A7C03F3397A436DFF237E72C187C10E6C51E7F092A53FF1616E33E561"
"src\core\storyboardScriptFactory.js","15550","6AFF3464FDD327AEC2D3ED595637B011B8D780E1955FFB345946AD88F855F796"
"src\core\storyboardScriptGeneration.js","51272","0842F058ACD1411E1E2F8CD9648538E5E142D0E61ECEF69EFD0433ADAD246CAB"
"src\core\taskBatchExecution.js","3349","F1C4BF8EE33460ACA587F2987305BB0356141EBA634360FCBFAAE55C83826E96"
"src\core\viewportFocus.js","11146","FE0C549623FA5E7599B420BD4B70171B8368D0445223F720163B801D55B7067A"
"src\core\viewportGridDots.js","2795","172848055B864A8C3F24FFD282808AB23C6F06F7CA03595BE4DD979D7CA2CAA3"
"src\core\viewportInteractionState.js","3317","616EFF78E670823B4DC7F5BDE15FC7D7D6EB4CA3657E87C6377840160C3A4B6F"
"src\core\viewportPanPreview.js","6572","91E36E003C3C2CD2EED67D98E16A504C078D32893C3B4905CAFF1253D7EFB583"
"src\hooks\index.js","1890","9B6AEDD7DA85140C6D5999CE7519E44D7412D3089DC67EBE1D0CE3633978530C"
"src\hooks\useHistory.js","3697","549D183FC17E3657D0D58FDB9AC6189FE5720BAF15C2BEF911A5316F13163915"
"src\hooks\useSelection.js","7549","FE436FF64ABD53ECB651C5D7000440B1A2F944372CCE09489D08E074454B4942"
"src\hooks\useViewport.js","7153","AD05512008417DC0E4D1A330FD60031EF0ABECD4AB0161D353190BB884AA38B1"
"src\i18n\index.js","15579","05CDCB8E38C99737A49765F7D3D99C0770791DA3E2405D0F38E5F071A61BBD92"
"src\i18n\manifestText.js","217393","66CD49BE036BE0BD2CBDCE5B8334F8C520A424D88698FEC0EBB1EB3DD5282DF2"
"src\i18n\messages\en-US.js","317954","11F6494DCFF3625E7F8F4C1BCFA894D9E5E0A187E2E8F02C4EBE5DA758DA4317"
"src\i18n\messages\zh-CN.js","300794","D7576CD85B9DFFC1BD4C08A13D8C342F55216ECAC21CA30B363F56C04F665350"
"src\manifests\audio\modelApi\runningHubAudioModelApiManifests.js","24644","0F16DEF4BD5BAC519BFC2A9E70F913C263DEBFE7C6C7DFCD6F7C4EB89AA47296"
"src\manifests\audio\modelApi\sharedAudioModelApiFields.js","9082","518FD0D5D1B105281868D5D1A3168B83D82BADB603F38D57E3B6BB89DE492B33"
"src\manifests\audio\modelApi\volcengineAudioModelApiManifests.js","10218","BECA4E3C7CF2173567293F8ADC63EC841A19B1B482785262100412670C5CC8D2"
"src\manifests\audio\runninghub\runningHubAudioAdvancedVoiceCloneManifest.js","4315","FFC538C3E5834892B0164FC4BFFBD85F2AC5559369B9DE55936319D79C86A38E"
"src\manifests\audio\runninghub\runningHubAudioIndexTts2CloneManifest.js","3964","E656340942E7570A42ECA76292E501B971A1EDE618D0D31C7803540EDD30ECDE"
"src\manifests\audio\runninghub\runningHubAudioSeparationManifest.js","2608","DC8EC6152D0EA12F40CAE0CC4A196E07BBDCC7CAB8868CAD204BBF5E7C9ADE74"
"src\manifests\audio\runninghub\runningHubAudioVoiceConvertManifest.js","3395","CB02BA8AC87311C054FB7FA59D3D6F2552607470E427BE05012644405EEFF369"
"src\manifests\image\dreamina\dreaminaImageManifest.js","10572","12CD5E190AFCB3D09CF6EE15533C18DB4E71B6573392F0428E17F60A4E8C2C39"
"src\manifests\image\localRuntime\openAiCliImageManifest.js","3209","606DAF596BEEA66E2EE72B263B0529EDC7C6F09209E56801CB845C0F632F00DF"
"src\manifests\image\modelApi\agnesImageModelApiManifests.js","7875","A90F7AF83F9B8C9E7B6582E7B9BB7C420DD32E0EE0826496235A1B43B0BA5C4E"
"src\manifests\image\modelApi\apimartImageModelApiManifests.js","54585","685D6537EB15DBF5D143BFDAFD3B9300378AD6F5EBEB5E5BB017A6488A4AD315"
"src\manifests\image\modelApi\grsaiImageModelApiManifests.js","20396","17CEF35496D6F2CED24563BA00CA8FB2CAA4E587E2A2A2A03886E87C3B7A36B0"
"src\manifests\image\modelApi\index.js","2890","82CBA84317E0D9CA05C7AE931C741F119EC2E141EFCFED5B6B48B78BC43D5687"
"src\manifests\image\modelApi\ppioImageModelApiManifests.js","4688","1605942C3A6FA91ED2C3D877CB6661D5B4A85D65854B178D5342A7E2DB014428"
"src\manifests\image\modelApi\runningHubImageModelApiManifests.js","35732","E0859047A80C2D65981934D9BF95DAF9CF148552EC45094C8A9E6BBFD07FF311"
"src\manifests\image\modelApi\sharedImageModelApiFields.js","32842","589BBAE9070DEE389E9605A60B10FBF6C4C8E424AFAB7FC4CD8FEDA7877EB570"
"src\manifests\image\modelApi\volcengineImageModelApiManifests.js","12035","78D9491FA768D89F277CB8DD543DDF481B4F55D9440256DAD752CC27B28F23E2"
"src\manifests\image\runninghub\animeRealManifest.js","5550","BA81FDD040CCFCCFFB2A237288D15B321E87D985E0BCB517C766BBCD7C6655D0"
"src\manifests\image\runninghub\animeRealV3Manifest.js","5623","5E32B4E9D98C85D511F29C636854286C4C3BED4774B31B9AED420A4941813BF9"
"src\manifests\image\runninghub\controlCameraManifest.js","3570","43F7585A8B2133FD23E2BEC3F627972AF40ADB95FAE9851655C045056360270F"
"src\manifests\image\runninghub\krea2TextToImageManifest.js","5803","59D4AF0436F75D10874470B47E58A981B012A1383186163452D323D5A23D7058"
"src\manifests\image\runninghub\personFullAngleV4Manifest.js","8607","D2E5EFEF7872043A333190EB6422CE2B982815559098BC3B3867F8E36CBBE659"
"src\manifests\image\runninghub\personReplaceV21Manifest.js","6359","1D216466310703F23608DB7493163BF46AAA2ABA0BAC69BC727DBDD92BD0AE45"
"src\manifests\image\runninghub\personReplaceV3Manifest.js","6218","A43E5597AA4D350400FF0AFA1429D43D5B9EB8DB87AE1A364D514747ECC5D60C"
"src\manifests\image\runninghub\qwenImageEditManifest.js","7718","7E7A5B15643D5A3423645C9BAEDCE331964606F48CFCE11B31158F49A6E1F410"
"src\manifests\image\runninghub\zImageTextToImageManifest.js","6700","041E08EADCD9FE6539070357A3121772F45E5DF01FB234C26DF8F754AA6F6C42"
"src\manifests\index.js","8701","C36C1E3DF1CB4E03003F487605DD4EBCD40043834AA0C32026604CB161C2A2C7"
"src\manifests\manifestDraftBuilder.js","10180","19DB17BAA09A59BA378DD70FA499F64D9F95CD5277749A7D4E910C4B981CF1F1"
"src\manifests\modelRegistry.js","49916","91BE42DF912BE15CE7A2EC84BAD4E41678BB9494C466BE62AE4BBA207A3D2B8A"
"src\manifests\runtimeManifestReadiness.js","2219","8DF898787DF6C89BED3DBD4D23D7E0E448C9A990F31651E97DBDC44B75EBB3F0"
"src\manifests\shared\runningHubAudioManifestShared.js","4298","729D4858059318537908771D296658263068E92770AF402619C1DD964FB7C3F4"
"src\manifests\shared\runningHubImageManifestShared.js","2089","36446F7BE0E1A19CE8834DFA8F8E802F51440E50CFB5B4992B0863602CF211E3"
"src\manifests\shared\runningHubVideoManifestShared.js","8408","20B630201B0B782C7130C7FA22EBDA4FF66EC7D6D6512F2E6C371A4D20FEF3E7"
"src\manifests\subscription\subscriptionGateManifest.json","5606","FE206CAD614F23D69A9FE4E49FE2CEB8B8BC677E464B81A448B0A5091FB5DCAC"
"src\manifests\text\localRuntime\cliTextModelManifests.js","3465","BFD6D8A4EBBFDFF594C486ADCECCCB8D5A64A09FEEF45A00E21F9FEF4A1D33BC"
"src\manifests\text\modelApi\vendorTextModelApiManifests.js","48553","C922CDAD0DD6B44D2333D87FAFC162C8374EEA259916234770E7F1A2C8AEA139"
"src\manifests\text\textProviderMenuGroups.js","2845","03372A4C374C89F046C0105142C08D7E4D3681ABD22E4A8C025A9B915DA4BBE3"
"src\manifests\video\dreamina\dreaminaVideoManifest.js","15579","819D3FD9AB1CC585848A071E15DCBAF046F996068F3D4DA8CCD339A2FB4F7D9E"
"src\manifests\video\modelApi\agnesVideoModelApiManifests.js","20785","F6A051501ADFAC367E1D835C910B612EA8037E082BA7034341A0F4722F0FC769"
"src\manifests\video\modelApi\apimartVideoModelApiManifests.js","64716","F6556F435CC671E5F5028A352958D6DFFCEAE886B10757E32EE843FE651E5976"
"src\manifests\video\modelApi\minimaxH3VideoModelApiShared.js","7198","CE2F2DC72BE9D88B593F258D9472572BD2643AA7FA5F3036F33CDF99E2C65FAD"
"src\manifests\video\modelApi\minimaxVideoModelApiManifests.js","5387","1D070CD0747E3D7767B5BEE2F6704D7D8355E907493101E1A9F5086ECCD8E3A3"
"src\manifests\video\modelApi\runningHubHailuoH3VideoModelApiManifests.js","9042","0CC0E6376646C838A2A1AB4EF5F54049D90D30BBAC207AB8540A7322972B0C02"
"src\manifests\video\modelApi\runningHubVideoModelApiManifests.js","43341","1264166F1B373C0A22C2B4616B65C1BA9A37B01A3D0F93C0DDEBB0E1BABA771A"
"src\manifests\video\modelApi\vendorVideoModelApiManifests.js","4786","9C0534FAB3E88C16788372045BC68C0A0DE8D1AAB55DE8A7A3405ACA6B6FB483"
"src\manifests\video\modelApi\vendorVideoModelApiShared.js","134432","45230125A4BCFE755F72FF99484DBFADF94E82AD2E2B4A40A368D106916D268B"
"src\manifests\video\modelApi\volcengineVideoModelApiManifests.js","26375","740C1DA43702B5E2C6F784C477412EFC5454A43A1F2FF19931A9820C48B58DEB"
"src\manifests\video\runninghub\runningHubVideoAnimate2V1Manifest.js","8427","7B95329ADAD173DEBDE1F09AA6C64314EB805B5B1ACC735B666627275BCF30D4"
"src\manifests\video\runninghub\runningHubVideoBasicManifest.js","5895","CC97DC5F6D2EC3807A5338C058A1F49039605FD5F35337EE6C5E3DE755EB115D"
"src\manifests\video\runninghub\runningHubVideoBerniniV1Manifest.js","16107","C6C2B694A5DA212D42715DEDFC3F8DBB5FE81A0DE6C3F7859AEAA09517A00141"
"src\manifests\video\runninghub\runningHubVideoCommercialDigitalHumanManifest.js","8170","DDB83DEA83BED2BE0E9479095F65FF0E1CD41E0AA9683862D5FA5FEA4ADEAFF1"
"src\manifests\video\runninghub\runningHubVideoFrameInterpolationManifest.js","3261","2671D3EAD601ECE60888729F505721AD56A71DBD7FA5551D5C6E7A622648187E"
"src\manifests\video\runninghub\runningHubVideoHailuoH3DualSamplingX2Manifest.js","2343","50FF707E20AE105DECD161EE244D50DB3257F61B0F56850583CA10B0AACFFA18"
"src\manifests\video\runninghub\runningHubVideoHailuoH3EditV1Manifest.js","11757","39C404A295263D3C53A25C1B1511192C9A9712FBE6559362F7CACE74DFFC6044"
"src\manifests\video\runninghub\runningHubVideoHailuoH3OmniManifest.js","12558","8C28AE178E378CB49A9BC32EE1AF460A74A53FCF84B09EFF345C506E152747A8"
"src\manifests\video\runninghub\runningHubVideoHdVipManifest.js","4674","FE63D772DBC856F705D9538E077E7EA94DFFA0ADC67B183B9BC1AA38D8869837"
"src\manifests\video\runninghub\runningHubVideoLipSyncManifest.js","6394","1D8C6157B1DC3A480C8AA29F711C22BD8C862B8D23E09D727994FB46AE3C527F"
"src\manifests\video\runninghub\runningHubVideoLtx23Manifest.js","7625","69D1026656146B0D686A56FAB726D965EF1A3C669B25A1B9E00F4F4DDC840E74"
"src\manifests\video\runninghub\runningHubVideoMattingManifest.js","5938","8928F14B772887A300BDF9CB8A84E5ECA7786313B4E49428EE30387F0A6765EE"
"src\manifests\video\runninghub\runningHubVideoScail2V1Manifest.js","12775","85CD4B186DE12CBABFE3BAEF84348819908308D1CA54D10F599643E284956878"
"src\manifests\video\runninghub\runningHubVideoV54Manifest.js","11922","49A4DD1B7F5F90C4FEE901CC9D110D9DDF0903906B0DDC91727729D88FF6C53E"
"src\manifests\video\runninghub\runningHubVideoWan22Manifest.js","6797","7A03777E0E093FD7136834860BB41264E769C164BCA7B3D02EA37E695077AD11"
"src\manifests\video\runninghub\runningHubVideoWatermarkRemovalV2Manifest.js","8155","9F823D2345B6EBA48E573ED0044E22851B67B6A2626AD68F32C7A94C9383B8F7"
"src\modules\agent\agentActionExecutor.js","10178","8DF5A1CE5A357C583894E7B0D70150883DBD421FBD705356A8673892F7DAF732"
"src\modules\agent\agentActionPostconditions.js","26209","0D094C89F3D89E1EB0A88F80865D6B910883B188B0B36122E1C3F25B037D964F"
"src\modules\agent\agentActionSchema.js","4632","87B896CC8B64BBBE4858881B063218C08CD6135001E630AFAB22A6205EE109E0"
"src\modules\agent\agentCanvasSummary.js","32326","50D46FC0CF609DFD7D069DB801B0EB70CBC14ABB085B5FCFA23DE8BC4C382B06"
"src\modules\agent\agentCapabilityDiscovery.js","11579","8839E415B39E1BE92E15F5E313B674CC7BDD9776A060E002A254AE7E7B98AB3F"
"src\modules\agent\agentCapabilityRouter.js","15897","E920030997A6C36C879EA02500D5264B7AEE8AB6B25FD887C6B45619977A24D2"
"src\modules\agent\agentClarificationPolicy.js","3070","EE9AFD7AFA56FF98A4DF88C2F3C0A51596DF76DE48ED64A051024EF8A37A9F9E"
"src\modules\agent\agentCompletionEvidence.js","4552","4B6D16780629D45519311907995069B5AEE1D9D9328C6D35720E655555D4319D"
"src\modules\agent\agentContextBuilder.js","16904","E21621572DD0D7C68D071B81B0BD865698B0243BE92581ED19B4C5B0EDFDEB4F"
"src\modules\agent\agentConversationCanvasTransfer.js","5028","0BC1A519DF6EE03F955FCBA14A4CBC126F1DD75542299ED1A52AF2B9B894D77D"
"src\modules\agent\agentConversationPresentation.js","21823","CC1338EAADA1DA6D723D6B641525563C5EFBB98179E71D7A4B902E25BBB1C524"
"src\modules\agent\agentConversationScroll.js","1881","E84FA610D311628CD6D7C0C325C4B4BED5098B4FBD66C73C4C9CCD4B7F086161"
"src\modules\agent\agentConversationStore.js","29408","8A632498CCD02C283046E419B24187D0BCA76F264265441B9F866306B1C0F64E"
"src\modules\agent\agentDiscoveryCommands.js","4169","97D2CE04AE79CE7B3798A65D7C311AAD80F5A8F687C221F095CD86CD10528075"
"src\modules\agent\agentDurableRunState.js","10506","8D0FB12ABBA49B9303100E3419A60E113A87C40FD1953FBD1ED24B208A91F5C7"
"src\modules\agent\agentFailureDiagnostic.js","10711","77FDE531291F99637D47FA90BA65DFD601C920589B0B02634A268D10B9FB1137"
"src\modules\agent\agentLoopPlanSelection.js","2255","0C882D4D3B375BFCBCDD91DE90DD4AFE2AE53421887F646693135467217999BF"
"src\modules\agent\agentLoopRecovery.js","4915","0F14B42062B4F9F9C1F7B6ACC3D9906758A79FB77685C1FA97B2626F234F3B29"
"src\modules\agent\agentModelSettings.js","3997","62676E563B9C365CBCF6669981BB1746A0CE132FE0CB240A7B1E15FDA663940F"
"src\modules\agent\agentPanel.js","111392","40019A338A994B88A2627007410AC9BC600D907E32FABC47A1E38AF5C9A2DB50"
"src\modules\agent\agentPanelText.js","19308","FEA0A4F75B420582C7DF0D576FCFAB55D956BE192918F515DCB1651024197236"
"src\modules\agent\agentParameterHints.js","13146","5A9BD61DBF28B7E1AF0242B3603DBE26F0F97F7B6052681CB023EC8CC72E2636"
"src\modules\agent\agentPlanLifecycle.js","19126","CCEF296E69E0B5E59C2D9358E8A935336E99F91924227BAC586BE2D4C853F523"
"src\modules\agent\agentPlanValidator.js","44914","6D3B1531C6BC2185D8C5BDFD1CF86F59A91DC559C7320198D1C9E74C63F03CEF"
"src\modules\agent\agentPrecreatedNode.js","6272","B067F4E1DC2FFDF7C7DD2558E3D778134914EEECAF35C7D85686690A18199457"
"src\modules\agent\agentReferenceContext.js","3227","FCE13FBCF88EFEF0EAB920A9489E509C1078CD84237DC52F979A3AEF0C28FF04"
"src\modules\agent\agentRunEventLog.js","6033","A261ABD240E1E4ABCAE41BAFDEC628175FE34A6747500015C5A43478236466BE"
"src\modules\agent\agentRunSteps.js","7173","A8D79A2412AEDC1A844B97CDBBADCF6154174F52C3A2DD0581879A733E269184"
"src\modules\agent\agentRuntime.js","84985","D10186ED6E45CE3E745AA9E20C4D73774909211630050C45A35BCEC342F3F6EC"
"src\modules\agent\agentSessionEventLog.js","17482","3590755DD42E1BDF9772F06F0F2355BF3090519D60DA67AA1177DB6ECE86BBA6"
"src\modules\agent\agentSessionStore.js","20445","CA1001F7F4ED1A441EF799F60C09E2D45F542DE592F6C793761E8A0F13F01C5B"
"src\modules\agent\agentSkillCatalog.js","29399","F83908C6BD28B801BA0F895A9043AFFB3206785B07B34CDB377E9188A3932F7A"
"src\modules\agent\agentTaskBindingRuntime.js","18358","0F8B86F173B4B264A73B75A8CD3EE639D979774DBA54E4FA791E104BA083D166"
"src\modules\agent\agentToolResult.js","8229","2CDA6BD57B8E76864B29C19A6749F61DAD4879A1756045B6E9BE582C901FB5C7"
"src\modules\agent\agentTurnRouter.js","5834","8C77928A1534A9B58174661B22102FFF74304F663AE10FAADBFC0C391587EDA5"
"src\modules\agent\index.js","2531","9DB6C4D30B270D67971103925310F11EE7FB6BAE76B6F57DAF14DE2C0FD76492"
"src\modules\agent\skills\batch-layout.skill.json","628","8B3FA709B521E1133025D2359910EDCA6D800702E97BAF43AFC21A4F1098F6B6"
"src\modules\agent\skills\future\experimental\character-consistency.skill.json","587","693CA16F5C025561C2F5E02251F1FB04D3B50617DBE1A7753C9840A0914D190F"
"src\modules\agent\skills\future\experimental\ecommerce-product-shot.skill.json","594","AE3BFA861437B9C49990FE3F988314742C7E26E79EA9101E7C1B0C54D4384CE5"
"src\modules\agent\skills\future\experimental\storyboard.skill.json","532","BC24C3409CC141CC1220AECF0ED22C4FEBF0304D6411C56B4554354C70549EBF"
"src\modules\agent\skills\image-to-video.skill.json","698","A5A2E4BFAA3A7F499A3C8A63B00E47F700C4A406A53B24855373AC451431C5DA"
"src\modules\agent\skills\mattpocock\mp-caveman.skill.json","435","1C64278D5CF82011AE078C5004F5DE4AA65771BC0006425054FBAFB4146BF060"
"src\modules\agent\skills\mattpocock\mp-diagnose.skill.json","587","C0CCF30B5752103B640130308A7CE90F00AB04039E48305A0B3DFA8EFC753AA5"
"src\modules\agent\skills\mattpocock\mp-git-guardrails.skill.json","428","AB3ED3F5EC24DCA30C6FD6598288F7EE359E1BE310074C6E68B141A5F3285C9B"
"src\modules\agent\skills\mattpocock\mp-grill-me.skill.json","472","1D8FB8CCCAC5B881B92283FC29E22FB2FB5B769978A6564EB017B38574A66972"
"src\modules\agent\skills\mattpocock\mp-grill-with-docs.skill.json","558","C771FE730378F7B8F882E0C37DA4F8B832138764BCB21E531A2BA99B546EBB2A"
"src\modules\agent\skills\mattpocock\mp-handoff.skill.json","545","6B163281E3A2F8C876C31F8283C1426241DC02D5F70AFBD558AFA027B1AD0B3E"
"src\modules\agent\skills\mattpocock\mp-improve-codebase-architecture.skill.json","596","90315B06BC6851498068F3199605BC74CBDF7E92BA0C854E1C06EC397C81C086"
"src\modules\agent\skills\mattpocock\mp-migrate-to-shoehorn.skill.json","519","48371389AD318C9E11AF0215B6181C63CBC9029B5C432E734042FC228A01B63B"
"src\modules\agent\skills\mattpocock\mp-prototype.skill.json","589","D991F43985A67B242164F7AD9F01FA1FEC905A427696CA24C92E0110FC28E652"
"src\modules\agent\skills\mattpocock\mp-scaffold-exercises.skill.json","486","057F317A0071058ACDDBCA9ABA075F1DC6D520ECF160A714B088CEEDE977BB31"
"src\modules\agent\skills\mattpocock\mp-setup-matt-pocock-skills.skill.json","454","67E2CB5BE0F26283397A26B19A81EEBE5EBF3A32041DB8FCF499DE8B19114722"
"src\modules\agent\skills\mattpocock\mp-setup-pre-commit.skill.json","421","A5B1C4045221CC8AF6AC662CBB93842570A0DE3B061649E6BB91FF946C5B9D93"
"src\modules\agent\skills\mattpocock\mp-tdd.skill.json","559","0A37A41AD61D4CDC7D225C1E99DC44E23D0F86577D842A16C303DF8DFBC279AD"
"src\modules\agent\skills\mattpocock\mp-teach.skill.json","472","40DEAAD3CD3E3234515B65B8D4F030CC73428A5B1B35869C17DA5DBF69D27108"
"src\modules\agent\skills\mattpocock\mp-to-issues.skill.json","527","6036FC56CE3625CF11AF69CBCF4B6D09F8EB8E3C4EEA2AAF8443F837630C11E0"
"src\modules\agent\skills\mattpocock\mp-to-prd.skill.json","487","5A6C54505D242121567ED3C034E92A20923F4055800CC6F636B18C206AE6A7F2"
"src\modules\agent\skills\mattpocock\mp-triage.skill.json","478","03AEFA2E7FC85D17C843FDD977A1457D81BCD1E592AA7E9F43DC5DE9556D2DD6"
"src\modules\agent\skills\mattpocock\mp-write-a-skill.skill.json","511","5B80443D97C63F613E296B10C6394917073E19FAEB9FD09966F2A5A3E362219C"
"src\modules\agent\skills\mattpocock\mp-zoom-out.skill.json","547","1D4D16EB027C9A12C725251C44E28AB5D6BB5168437D52D26D2D6D97A5284AD7"
"src\modules\agent\skills\media-processing.skill.json","963","32ACB850961CACDD7245F7A11E4A155214F5E289D0F2BA34A0D73C8988A989E0"
"src\modules\agent\skills\scene-director.skill.json","971","1056774A893CAFE00CAC2D5ED3AECB21E133CB09F624D06F680C4A7910BBFE64"
"src\modules\agent\skills\storyboard-assembly.skill.json","751","EDBF3E9E8956DDEF8290CD98D6E92CA4B74C421398E2378AE6AD939FBD1123DD"
"src\modules\agent\skills\task-management.skill.json","733","B2C882C775A30E06040D3A52B2E6E15599A386CEE83BC61049AFCE7AF564AF28"
"src\modules\agent\skills\text-to-image.skill.json","463","39798D479CDB49E753B248AE9937916EC8B5407949AC5571DE4B5AF19A63F0A3"
"src\modules\agent\skills\text-to-video.skill.json","483","76D9C3735B21DD2B0B832ACD58E958814FFCE273F91F8B6E991973F268D7CE46"
"src\modules\agent\skills\workflow-organize.skill.json","741","2ED5A71CFE8CE06C5FD0433F5397E88869B8772E8650044C98CD031FA52551E0"
"src\modules\agnesProviderProfiles.js","2412","0C3504C228F4C080555C14AB21679886B9842372AEA7FE8DC4B4081BA40E8156"
"src\modules\apimartPrivateAvatarAssets.js","5474","93D4C08879FEA2EDF2CAE96FBFE641283808EFBA67108E69C33786F69380D21F"
"src\modules\app\agentMaterialUpload.js","2065","6BA8E459AC19764FBD6A42E92F7B93124B772CC9FBE6C2FCBE04F06E0089D608"
"src\modules\app\apiConfigAutoSave.js","2041","0A6653E21533D9C6CE383ECBCCF4481FDC3AFDE8A4F571DE003AEFE080954CB8"
"src\modules\app\appActivityTracking.js","3031","B70737706FAE63AF28C0D11A99AE0635EB1C7A983B371E18AE8A83797BCACA52"
"src\modules\app\appBusinessEvents.js","37135","6F2A633D43E09EC5A574162A71563028BE254282E620F36F74D528348395B81A"
"src\modules\app\appCanvasDropImport.js","5054","C77667A9347D38F9D0DDF1893DDA5D013611C49E241A36D3F78BB34C83017237"
"src\modules\app\appCanvasPointerBindings.js","22231","2D0C237E386B99B1B0950C373A02068B13463D92FB1EF0F61074B8617CDC13B0"
"src\modules\app\appDebugApis.js","3444","E2C5B974D5957E3AB093DC7B8ACDDFE823B511C26FDF77B5036EBA13D440593C"
"src\modules\app\appNodeEntry.js","12218","7FDB6313C9B4A48C2BACA5E4CA8C23AB335B8C79E95879810E98A4D53E93F396"
"src\modules\app\appPanels.js","41184","89E02E3DFDAE5FE58F66C2F07F0C6E4E4D1CD19A98DA174BAB5987BD3DBADF9D"
"src\modules\app\appRuntimeInfo.js","2469","72854BCA5126E30D9FC65E1519DFFEF9FFF81075088362B24D9155AF3AAEA72C"
"src\modules\app\appShellUi.js","6127","BD6F632FBC47EE192399A2A091B50F888432BDFE4B89EB97B08B41D4D5D3A290"
"src\modules\app\appTopbarAndConfig.js","133461","B8DA964E27798B62B585BD282E9C7EB832A0D66CAF70BDDE8915807B9811B732"
"src\modules\app\appTopbarCustomProviderPolicy.js","13261","410DF287BE15E02C620801CDCF8579605CD2323FD529BD855EFC7080CBB7C9EB"
"src\modules\app\appTopbarDreaminaSession.js","6425","2D1EE3038F9828E8E582CA305C7AAB8E5C1E9D27A0D90A9BCBCF908177E8AC0E"
"src\modules\app\appTopbarProviderConnection.js","1173","73FCA57DAADF5F2D055D513038F61F16D7B63D60F7BA7E3303BABCEC36D90CFE"
"src\modules\app\appViewport.js","11989","90D8B2187B6FB0CD9F18FFE7054DB312F9F7DD5D59DC8838EC58EA1350765801"
"src\modules\app\canvasNodeDataFactory.js","4243","DC8BA80B4093805A46DAE80E85B76B04BA893C0EC41DC16CCDD930C332188619"
"src\modules\app\canvasNodeFlows.js","20617","B3EED95EA8BC3B25A560CB72E53D3C47BE1E5413CB1ECB382CB31C335203E504"
"src\modules\app\globalEvents.js","2206","9E747534D8EA74ED21DE3A25F7F96B466310A169A467A150261B94A78B21CD55"
"src\modules\app\globalScreenshotBridge.js","3647","C8A1AA6727F109B313C25EECA5BED57ADB6B2BCF193B9B2F0006BF7A6FC1C7DA"
"src\modules\app\iconButtonMotion.js","3735","6378A203BA0B4BFC2C27C0A73B5D7EA00932F4DED20D3E9EDDA98E08DEE560B2"
"src\modules\app\modelCatalogProviderCard.js","2127","F9CC6F9A2CE7B1468EFF9AABA31E36CB522096FA0A71C9D9B7E8C3799B98A020"
"src\modules\app\nativeContextMenuGuard.js","1487","D6C315C4CA57A93FC4E7B30A088906A8F0EDDA5A7B3D8B653FBF41AC4F9EB914"
"src\modules\app\projectBootstrap.js","3189","D3C7930A62E973FA73DDF2E6CC807F57CFE4AFB991EF4219DA39618E9AA42EEB"
"src\modules\app\projectContext.js","1866","EAA34F3AA1CD34FD1A020C676A437AED4218B82EB8A387EEBEA3495BE7F8EB1F"
"src\modules\app\projectLifecycle.js","103439","B6344AA7ACB3114F59C1D7E43033D3D7C683BB5040E5C1944250A2C418C7760F"
"src\modules\app\providerStatusTooltipController.js","4369","41F9B1CC7D5C6ED7E22BBE5228E0AB91CFB74B237A80B1D476044708D66E232C"
"src\modules\app\resourceEntry.js","3580","91519683D22FCC51245FF0275C86D0FE9C2A9D7B6A2F3933A7B4BB37E568A5CB"
"src\modules\app\sourceNodeNameBackfill.js","4168","EBE4795B5DCA012485CD09018C41C52C8D778BA565540B15A82A481F7300ED85"
"src\modules\app\subscriptionStateWatcher.js","2021","A7C375E2BADF75C362F1A09B792CB2D0EBB4B8B5CDCF2F6F21DD95341605A5A3"
"src\modules\app\workspaceCacheIdleScheduler.js","5595","C188AB0273D494640BAA240E61417A2549EB5E5BC2E8FBE8BEE6075FC1B17739"
"src\modules\assetCoverResolver.js","11578","A4DDA23AC6A7DBD16071844FADBF1E104B7A94811257809AAC9448610EBB1B9D"
"src\modules\assetCreateFly.js","3829","47C6D1DBAD35129FCD4D1A80F9E7354F04BE13395BEAA7590725815124E52F3A"
"src\modules\AssetManager.js","218904","0AEAD1333D0B598E12EFB1DAAC54AE11641B3A71E7DF51E886806DC4F7FDF22B"
"src\modules\assetMentionRegistry.js","13905","090603A21760E04BAD4DCC20F7118EA68B7E57432D09CFD6E46BE44F585FA3F1"
"src\modules\assetPackageMedia.js","10436","5A8B0C95B48C7C75285F13C0491683C6B6C3F705CA9EF400D32B435AE8C1EEE1"
"src\modules\assetRestoreLayout.js","5321","B8BCB6423ED9035E81161CF67AA9D046ADEAF88D40EA6BC0B847F663A2147333"
"src\modules\AudioClipController.js","72978","FB9C7A81E82B290B0AB327FCF6C914998A3E0C6921DF24114424F0393387EEB7"
"src\modules\audioPlaybackCoordinator.js","1917","60938A09248DB42720A49E135D443E0A40B8288E3E5C351201C64B2477A98985"
"src\modules\AudioSeparationController.js","23617","C93FDADCF44663EEB496129A2C7DAB6549EB46CC3B7CA9275A6B57FDD02617CD"
"src\modules\audioVoiceAnalysisSegments.js","3618","2FA755469434D49817B10CF18628B35D5AE8726DBE82EE9C2777D1B90C5B49F3"
"src\modules\audioVoiceAnalysisSession.js","2888","F2A0209C80A6CEB13DC1B51D0375EEA6210C3D49CC3BA1947EB08CDC739497EB"
"src\modules\audioVoiceConfirmDialog.js","5128","F0D1C5505DBF24B375819D87A60005C8F5F38DDE7DB02688A97EF33D8AC8D1F0"
"src\modules\audioVoiceContextMenu.js","5040","4E5A716B4ED19F6C41564AA068B4F1053D87F17271CC6DAAD6AC616362075E1A"
"src\modules\audioVoiceGenerationTaskOrchestration.js","8743","03CC6EF195E0EE656DB39D96C33BA7281C4255040F42C87A23BC71DFE3DCF492"
"src\modules\audioVoiceLocalAsrRuntime.js","4168","28C6A115363E57D157FB1DC57CFAA414542F73E002F848933A46DA314268E500"
"src\modules\audioVoicePanel.js","168334","63DD166A2DAAD3EBB1922E9B6118DCF718794113E90E8CA254E841F98BCB4EA0"
"src\modules\audioVoicePanelEvents.js","1151","9861C44B1C8C3CA261F8661E76F913655709F0270B2429D90D28E0F51F9F887F"
"src\modules\audioVoicePanelGenerationFeedback.js","3723","23166469137EAFAF85B03FE44FF3BFC1D73618CC711F70F76254CFBD899AF2EB"
"src\modules\audioVoicePanelPickSession.js","19251","94C7FA93C45584537ED992B06CC181A255B8B6710B938B983E963BD63C3FEA5F"
"src\modules\audioVoicePanelPresentation.js","10426","B81F4C670C73DB1F88D21994B1D54B4B06CAEB19464023EFAA97517F864529A9"
"src\modules\audioVoicePanelSegmentEditing.js","18286","DF48BDC0383DFED44DE92F18CB631BDB472CFE6BA9D2651B10182A75C7D85186"
"src\modules\audioVoicePanelSegmentState.js","11597","3EC22924BA8A549175E8BB14A7BC482D4C7A2A8E3A65A0166C4B1981EAEC9E49"
"src\modules\audioVoicePlaybackSession.js","10605","2F2748010FF1C43C925064B853F8CA5D6906185109938F54C42473A158C30253"
"src\modules\audioVoiceSegmentEditSession.js","4597","3E2BC6DDD6C581E7D09FD16FD6858E53181E27746560871DD1122C19AF8B1994"
"src\modules\audioVoiceSegmentMergeController.js","5456","7E84752B43DA6270149396B575FBEC271E3B4AA53D030963F5153DB985FAD5D0"
"src\modules\audioVoiceTaskRecovery.js","7878","6EC1EA12EA98D919005164C3F3DD9DC84893D3D4EFCC0D0731FEE71A60100156"
"src\modules\audioVoiceTranslation.js","9335","2051433861911B88EE0A45BC70926C09B3408C655D9BC3D37BADD83C62BBA1AE"
"src\modules\AutoUpdate.js","52661","BE3955A3E3C7C803F3907A565E3AC9FFD05D2BC69E0F76FDA4CBBBE481BED4E6"
"src\modules\autoUpdatePolicy.js","3163","BEE10F22BE1C4ACFDA5D1F69A133823247785AA39F6BC077939E4D6C435628FD"
"src\modules\bucketFill.js","15986","D93BBAA393131AE5A492B61C9A9C7ACD1F32B6116D0CF74069D6533C1B808558"
"src\modules\canvasCommands\commandContext.js","3242","3ACDDEEE7102C8D2C3BB5DDE745262049EA69B3A4BEFECF1DFAD5F4E15D95F86"
"src\modules\canvasCommands\commandExecutor.js","17168","5E33720E051E3959E753D33767DCB44389F96EFD9893AF26873D2C5CF98DA831"
"src\modules\canvasCommands\commandRegistry.js","6479","F8AF1D27E3230E7D291097C404BCB0D687E548CA2EAFCF19459043263AA6EB98"
"src\modules\canvasCommands\commandResult.js","2214","4F2B3B0EA8111ADD3A5B379D2C896F15325267CAFC908370CC0F34D601CA4E8F"
"src\modules\canvasCommands\editingCommands.js","14374","A246E7BBCFBBE1CAF9FE9271798B4FA861FD27426101E4A88981448BD6EFD09B"
"src\modules\canvasCommands\generationCommands.js","16220","FD0278BEBDD456FAD3F7D092D09E13F9FB0D0C99BDC08993234C0D0C1B8F65FB"
"src\modules\canvasCommands\generationParamDisplay.js","3640","DD21A1D5F42DDAB95F36E30FAF6E71283A45CA7A2630AED2A2B34131CC62203C"
"src\modules\canvasCommands\graphCommands.js","55366","FEFC79309C902102C941268C9B8ECDA7E7699F775FEF7A42D128291D6C4E2AC1"
"src\modules\canvasCommands\index.js","3159","BE44DB5D72662EC29E5419AD2E3A2625297106C8C6B58CD56741984D11E47C84"
"src\modules\canvasCommands\layoutCommands.js","17474","7D0316D7D9A2127F42D07F20F95D159304ED0661FAFFF6E789C422A24E64E00B"
"src\modules\canvasCommands\mediaToolCommands.js","20095","E01CA504DD8D34B2BD3C698D2F8CAF642F9F6A7AC4747404A70FF901776BC8E9"
"src\modules\canvasCommands\modelParamCommands.js","10758","B1FD6B29F8D1BCAC7B7ED3BF2A20A8984910481BFA6B089A2F7C859EFCF21851"
"src\modules\canvasCommands\nodeExportCommands.js","5827","2B0CA015971EFEF14006313124E06E4676A780675E8A9DEADAADE8DD66EB6A09"
"src\modules\canvasCommands\panoramaSceneCommands.js","22180","9F57385C0D23E45710BF706D1C47D315D0C8EE02839EC1A35C7A99927A5FF257"
"src\modules\canvasCommands\promptCommands.js","5126","2F920B9D559B9E0A6A911803625C993624C6E73641DC22FB3E33E369A98B19F8"
"src\modules\canvasCommands\selectionCommands.js","3271","5CF9C47E2DDCE80CCA01FD2C581368BC217DB63B36D9D475B2DB3E8573369DAE"
"src\modules\canvasCommands\storyboardCommands.js","18211","C855C31C76920612B4AC3F014763575B3659DB9D78EA1114E4496779A810C04E"
"src\modules\canvasCommands\taskCommands.js","11073","6D263818C8F3791F8CD8C25E1914205111F522D4220DDEE836C137B302FB3E92"
"src\modules\canvasCommands\viewportCommands.js","4976","4CAB90E1FA31296FFD1BA2CB5EE9E3291B6818DBE7E7EF83E60360456B2790C8"
"src\modules\canvasImageDisplayHandoff.js","9829","78B0A3A5B1F8E13F0E19E916892EBD97394AF6ABB9B8CC47B4087152F61E5DDA"
"src\modules\canvasImageLod.js","11419","C7D90EBEE32B0EFEE48189A2B4F47460B939E254753B11E34699E416D566A343"
"src\modules\canvasMediaScheduler.js","26393","5225050710053969F60FDA980EB68DAEDE6175410775B44B23D7BE695845F9CC"
"src\modules\CanvasProjectDropdownManager.js","58377","6A4E6444DA26F8D94CF2F14F30CB929C19946CA0AD34941A65E1E8156A6B083C"
"src\modules\canvasScreenshot.js","23424","BF7611B31A77625CEC4D07FF2E7ACD241F66571FD8B3E5D6B1F4D2F7515FBA06"
"src\modules\CanvasTabManager.js","70596","CCBC53C0096C10E7CFB203AC4F60671B18D787C71935FA7ECBBF170FDD9797D3"
"src\modules\canvasToolbarPlacement.js","1746","7E66F4A6761AF3A2A1116900A090E6BF0D8098CCBAF6D60F6F7F9F37BC553828"
"src\modules\canvasVisualSnapshot.js","24987","69B2F3740235B635ADAFEC842B1EC757A7C79415E5347E8718FAC5F2FE775294"
"src\modules\characterAssets\characterAssetImageGeneration.js","2515","AA1B328BF3934C563F51FB3211611165BAA8C044784AA8E92979461B41772CA3"
"src\modules\cliLoginMissingToast.js","2950","AA86D694C07C323699DDB7D6653736FDAA8055A3B6CEB2CE4199C1283DE10E01"
"src\modules\clipboard.js","7965","27B6E7C27B29D8FC5FFCC28D0B836EF82C57BA449CC82F7FA8602C82497D6AA8"
"src\modules\clipboardGraph.js","6669","08B93C83DCB5A12934E22338322292D8F11485EF807B1A00E59589C4456E19FF"
"src\modules\collage\collageFactory.js","50652","43A7E27F899685110AF2E789B81D82D0DFD743B8227680B27BC514208CAF72B2"
"src\modules\comfyuiWorkflow\comfyUiWorkflowImport.js","37804","E3CB490298F9B49525F0839D1B31DE4CF4CD2254D42DB7ABB7ABF2F5B1C8AF7C"
"src\modules\commentNoteJumpShortcut.js","5642","003B93190084D4BF9EFD6383E5A951FCE0EDDC49C5D0CAD24F48C52F85F55534"
"src\modules\cursorUtils.js","4627","9C92FE0C5D6C99BAE6CCA5CC9825EB45137C73F2301DBF0F48E507BDEAC15EA8"
"src\modules\devEntry.js","8082","0336E126740E069154A653494D2E480E11B3C68A84C136027BC470AC212B4C0C"
"src\modules\dreaminaVideoModelHelper.js","32044","451A55D10F1185ED4F286E5665FFABF5CA7A13B2D77A23DAD8C55837F1D35B2F"
"src\modules\eraseBrushRenderer.js","6283","B5301033A28620EE8A5D580748479763B6933E62C8EDCC667C22308AE37B8B26"
"src\modules\featureSelectionMemory.js","20260","6F5344CEF22DF4E26B8107E647D356B0FF39813C391400F17696502DDB1DCEF1"
"src\modules\fixedInputAssetRefs.js","23138","D5C27BE7EF8467ACD82E8B813740E5142318515D308381764B5070573647AB88"
"src\modules\floatingMenuKeyboard.js","11487","21EBFBF7BCA309432CDD8ACF90F64207B0A9B547F452A0393EC80F0B47DFDF46"
"src\modules\generationHistoryAssets.js","26519","AD52C1B55EA5116F4B9E9894A3CE7DF13F909B19262FF3F0748F1471EDC61A36"
"src\modules\GenerationHistoryFileManager.js","94068","C1C88DFD0E9447E14A4F73E83659470E3231B4A88A614DAB92BC668769CE4293"
"src\modules\generationHistoryFileManagerSelection.js","10435","3C9D58257F05F30FE462297B379C12F6C1EF43682C5D4BCCCEF063E0B75242E0"
"src\modules\generationHistoryFileManagerSizing.js","2922","B5EBF8DFEBE3FC011B532089FD7B830412ED66B8EFA9ECDCBBEDB7D5D5359DA3"
"src\modules\generationHistoryVideoThumbnails.js","6566","D4E2FB1FDDB411D80149A977D23EE1211FDF16A44B61E273A86CA3D7E4768EBC"
"src\modules\generationPromptPolicy.js","5490","FEE758A746F630E69AC9083230FF204FDABF1ADDE91EB2FA4F65CD428E2B74EB"
"src\modules\generationRatioSource.js","11138","5735A8E3E5385F6515D9395C6F50A4728E01AEB99B40DE072F0D0EB7C25BD0F0"
"src\modules\generationTaskCenterEvents.js","1855","7777A278A6FAC0CB728BDC0EECC8967E597F4D00BDDE12B8026B0BA31CD66CCC"
"src\modules\groupDynamicOutput.js","6391","F056992EBC9D14C1E0D50DD5830CE9817E9EC9B9F7A3044C0688F8D6E5D86752"
"src\modules\groupExecution.js","12568","C201A70CB507B1445A9481ABAECFFC142D7CE77EE86AC1D80A0AAB960B83EDD4"
"src\modules\groupMembership.js","3939","7EEA701455DD25C1C690E942CB6D1DD2E2BF005B5BC188F9C59801484B726A04"
"src\modules\groupNodeLayout.js","3905","1A5CF38AF68D78518BF6711B0D2775E504A0E05F34EAA5886453C3FF3A805441"
"src\modules\history.js","6806","9CA26191103099D2014C8B1BA587301FCCDDAE7DF56E52302427793C427FC122"
"src\modules\imageAnnotate\annotateToolbarMarkup.js","15938","17403CB523647000BC1062506A6C02E5131A0E39F184DBBDA14F8697AAF94989"
"src\modules\imageAnnotate\arrowGeometry.js","9246","058EEA0E936036ED513581282CCA2C7381FD92AB55DA836F565EC44D9FB12586"
"src\modules\imageAnnotate\exportCanvas.js","9623","CFD60741AAA21260B6931D35E5817FFF74A4A1EE7DCD0E53EC42FFE7DFE61B91"
"src\modules\imageAnnotate\generationPayload.js","5952","5B8FABDB052168E1AF1F0CBDE6F2D0E24CC943F4157ACA71C39365F72F53472B"
"src\modules\imageAnnotate\generationResultFlow.js","12113","F17AB541B9620DC44D8FA07491F26AFA535CEA757382F7A55CB302A21506C887"
"src\modules\imageAnnotate\numberLabels.js","7655","C549AE1AF07A0CC756D8A5416459AFE0D762CD2A02934796F9F02D073082D716"
"src\modules\imageAnnotate\rendering.js","29673","97AA158254BE6F8F435ADBE0364C4A9D215793BC178EF91D6EB0DE6661628E7A"
"src\modules\imageAnnotate\saveResultNode.js","8454","935CFD1A410751506F917109A2E7BF0850C3CE4747A6EE45EA927045326E8805"
"src\modules\imageAnnotate\selectionMask.js","4869","D926211DDD4F0FD57B459C05291A1B941B887EA861AD3CE052A695A6D4B06842"
"src\modules\imageAnnotate\stateAdapters.js","5356","5948652D346EDBEF27DB59272031EF38B4DC229BFC9FFB24DA2C49AAC55FD4BE"
"src\modules\imageAnnotate\taskPatch.js","2960","2BDEC96A29F89088B00BAF654AF569A58FB641D8A7010F4F030D253469C22B48"
"src\modules\imageAnnotate\textControls.js","17778","279427BFB8090491963EAF1FED081F961A1AC545DEFF1C6D72B4D82DB098FFA4"
"src\modules\imageAnnotate\whiteboardShapes.js","9149","109DCD54DCF17778403B0C9B1EB15F8D424BF9ADFD6C2CA13EA51485DAA5EA78"
"src\modules\ImageAnnotateController.js","76286","F161BF3F0E7AD5A9B362F9A97BC5567099FDC07BBB4BA2E55F2BF704C2133D84"
"src\modules\ImageCropController.js","46745","F3AB0C0C4154F883F89444A0FE9A4A0FB607D3F1D375F9179326C75D6AA39651"
"src\modules\imageCropSourceUrl.js","1254","2CF52540BA4959B76E0D13D3994363B9920FA5630515193FBAA053DC14997A52"
"src\modules\imageEditorBrushStyle.js","6260","507ADAC102E2BFC06B17ABD82EDB97DC0DF971B363AFE4698F33154915F73CF8"
"src\modules\ImageExpandController_lf.js","42048","CB8361EB31259230FEABC533122C6825476C022857D0DDA9AEBBB98A5E619093"
"src\modules\ImageExpandController_test.js","41836","71695CFE5BFA9A389232D8189BDC0109B2B6D38B5F798CD12FFD53A49E840F44"
"src\modules\ImageExpandController.js","57667","6765295F69E2FFA7392151F14A6512D281D950506196885953238E4C4FFD6B5D"
"src\modules\imageFreeAngleAspectRatio.js","2677","EFF890ADB548386B8CBA3AD4896249B05F2E07ABBF206676F888932FB4959162"
"src\modules\ImageFreeAngleController.js","48905","BE3A7DB3794204FAAC80A0EBAFA13B2BB8BA96C8EEC7E7B05494B30C5E0C40AC"
"src\modules\imageFunctionModelMenu.js","27402","F230B42D0ED39FEA64D2227E8B4CC5E63052CD297E52D611AE7A8AD9C421EFD3"
"src\modules\ImageMattingController.js","57265","3F6E2682F65F447776182EF912B69F16FDAD01DDAAAA1761AA42FC1BAE55FBE8"
"src\modules\imageModelCapabilities.js","10241","9FA0D7E837D4848E252AB5BB41A1F0E2E353CDE62B4B70B873BD280AE3D3A6FE"
"src\modules\imageNodeImageUrl.js","3673","346125A8D65C280FB75F3DA5181AFFBCE10CBA62FB9DAFC158D581AD7CD89669"
"src\modules\imageOverlayReadiness.js","2494","A0505ED5A97BC3709B9CF6F65BF25DDB6CF4FE39D5C9167CE18CFAAA7558763E"
"src\modules\imagePreview.js","22710","3B58460A67C195A650003706136AF3581C52064307E3343113287DC3326830D3"
"src\modules\imageTaskModelResolver.js","4025","88381952784A529E3808D7F7B10D180D50FBC96DA2BE7604DB703025562B4E16"
"src\modules\imageToolbarGridCrop.js","13345","FE8E577709F0E7FCF2052F6811B58D36911DC96838D9DE846A7254BBD800F3EF"
"src\modules\imageToolbarHelpers.js","7253","743FD49DF5DD5342956DD21652848A5F8C0099E0979BAC2AE9CB403DB10F0BF6"
"src\modules\imageToolbarLayoutMemory.js","4742","0490467AF59812415CA7456AD4B858244A18444C738F343D7DADBE5B5C925A62"
"src\modules\imageToolbarOutputActions.js","3474","D21F9E5B65C9FFA3D4ACE6069942B582132D7A3B4D4A08BC656CF9BD4BC3201D"
"src\modules\imageToolbarUpMenu.js","11121","E718E3B0BDCEB920C59496FC1295EC5C29A6139ABA9311306335355528BEB941"
"src\modules\imageUtils.js","4170","F8893F2B82C3134B3CC314E67240D22798C70DCC8EF9C207CE4FD88CADA6E453"
"src\modules\interaction\canvasContextMenuController.js","24331","E485D15499DD3B484F257134087C658730D98AEE21C3AE9A3D5668F3D1FD8E46"
"src\modules\interaction\contextMenuPresenter.js","18128","14BD43122DE2B16A0B2E39491049AB16D21FECCA5E336CA87CC62042CF35ABA9"
"src\modules\interaction\DragController.js","90156","D97064AED1110242AB0FF56745919E26A8B2E61363C4729D1F8B65FCE37E41B4"
"src\modules\interaction\EdgeController.js","122143","5D36AD910AD30AE6FF2EA9841241F5B4F56516B23CBB456D1B47D9DFFED46779"
"src\modules\interaction\edgeCuttingController.js","9249","F0B522353DF50CD93F0609CEE2415E787C5BA4901DAF9EB229902007FEFF590F"
"src\modules\interaction\interactionCommandAdapter.js","6295","363272A87CCFB3FA29D27086548B22318345AFE5E46E40A7122B679F31C50648"
"src\modules\interaction\nodeResizePreview.js","7828","C90FA805B8B643C3A1B8CA9AC9D6A91E56498144261AA3BC8A3BB7FDDF3F8251"
"src\modules\interaction\PanoramaSceneInteraction.js","83151","8CF2A65E9DAA13B31991BF6799CC31273A18A5827CA5DD411FF81B08ADD83158"
"src\modules\interaction\previewCommitSession.js","2468","510DB2F199FD84D5B8C09244A825E263317681B8E2817B8AC81D90ADC1DED48E"
"src\modules\interaction\SelectionController.js","7645","E78F31635338675607FDFE71F5EA19D786C984B89A6AFD2D1CF9998CF41A1EEF"
"src\modules\interaction\sidePlusGeometry.js","4250","EF2603B7E3CC4DD9E0BBA39B3E941A5C764C83AF1FA4C76E3F05BB2A263F3F12"
"src\modules\interaction\viewportAutoPan.js","1218","CD93BCD6F7B7273E11D48B4178168F5D064057B3857D8B5DA2201986B5274E7F"
"src\modules\interaction\viewportPreviewCoordinator.js","2334","6CA23CE9B482EF9A2BA98187FB632B2B20DC266C5459E09DB070728D6EB7216D"
"src\modules\interaction\WheelPanController.js","5538","B90BCAD2189EB62C91858596DAADF75AB46D1B1C546CBFD7339732D73BAE08BF"
"src\modules\interaction\ZoomController.js","6465","A7BB3CE4F6DB3A3DD722F80E2F793587E89D0C5BA01B90C898C1D4107FF23C1D"
"src\modules\loadingOverlay.js","4114","36578CFF0D7BBFB2AF2E5F2481FDCBA1A2EC13D4EF4CE33627EFFE48F55E996B"
"src\modules\MascotManager.js","12729","42AA59DFD6DBDE541A3124DF2BC7A480B410CA9DD444FB8F61D2112BB7BBD738"
"src\modules\materialComparison.js","31336","B26118AA3DB746F6D7BA78AD4F0CBC382ED83C3A464C50AAF4613DA1DDBDFDC8"
"src\modules\materialLibraryContextMenu.js","4878","792336B2A5D33E27382DA1A633D2481FE02D88B0FAC70EB0F014B13E97C45D38"
"src\modules\materialLibraryPolicy.js","14586","43EB923F12F00CB962BCC43F4F213047E5F76679E667697E2747AAC80483BFF8"
"src\modules\mediaClipboard.js","8850","40BA9EBF092B3BEC97072D694661BB39849660929467635784053E32470CEF5A"
"src\modules\mediaComposeSelection.js","4215","A8DE8729B650781D043BB3BFCDCDB291688FFD4E96527CCF0557C63A697C87F6"
"src\modules\minimap.js","19327","17342C12A44D0EC61B7782235A1E293054958BA5CDD8624B0CA1202AFB6966DC"
"src\modules\minimaxProviderProfiles.js","2300","CE20115C0AA47760A376ED0477FA586B0D50952B41F96B815B66C16CC04A1DB1"
"src\modules\modelApiVideoResolverPolicy.js","4864","A3B8CB652AAA55F9B3D6D482671B46269895A04F1E4190092BB041F2F7060D55"
"src\modules\modelCatalogService.js","27392","B47EBB261E1298D61F81BA671C9187EA3A2D9336D64CF4DAB42CF5EF37B35370"
"src\modules\modelCredentialUi.js","13448","C8C973A14DA8BC7478A37F89AF4F944CC9FD48AEFC91299C4D22FDDE96D5CB0B"
"src\modules\modelInputPolicy.js","30507","415B5FB63482F265F603B42223384D0EC39A10A0248D8D84A98FEF2D8585DA7D"
"src\modules\modelMediaInputLimits.js","8482","B19EA1DE6161B0B54BB219A779170279C456CC7B9A60631F0F01D5BD7FA1A99E"
"src\modules\modelProviderProfiles.js","1630","263E0F5A6BACB0AAF31C53596B5882AF6578A716FD9EA8DAA210D903454469F2"
"src\modules\modelProviderProfileSelection.js","7181","C9AAA6B4242A1543063E6F022157A44D5B886C19CA85A46F2E68656DCBEFAAEB"
"src\modules\nanoBananaModeRules.js","19294","3C43F94E00A3DB27015A21C57CB15FD50AC406FFCD888964AAC432CA1B3326F5"
"src\modules\nodeBatchExport.js","15605","7B118FCFD93C2B8C4C8F0619BB919F6A16DCAB7B42444587EA2E1DE861489852"
"src\modules\nodeCreationMenuCatalog.js","8950","46CC742C966742D637267145EEBFF5A04529DB4369BBA3625F68473639F8EF6A"
"src\modules\nodeCreationMenuIcons.js","7270","94FCD2D9C0A619585E7BC667D27F48E1235ED8C6E2E03A9D514A0B8C753C6FDE"
"src\modules\nodeManager\nodeManagerDragContract.js","1406","DB8FEBED069ADF917D0AC78C728DC4DA17EC7D55927050CCC53F05C8BA492F08"
"src\modules\nodeManager\nodeManagerDragController.js","5394","3DAC8E8AED12DAE762EE2937A2C6B090281295E499630DFE27064E0F402B0FFB"
"src\modules\nodeManager\nodeManagerModel.js","10011","9A021005CF74F8701D9D62E192DE4E01D6DD9247BD99A12DB77BCF65B9B5E97D"
"src\modules\nodeManager\NodeManagerPanel.js","38730","14E53DDD7B5780BEF90244D9DFD9A66EA8C770AC26F660377416E104C2A8BB21"
"src\modules\nodeManager\nodeManagerPlacement.js","1619","35F8242E001D48799AA1176F6129C86448A86033452DCDFB0E13F0BB674C56AE"
"src\modules\nodeMediaMetrics.js","8338","D298C2C2E7B14EE42F950A6718FC1427AA5DA6B2D6DC268D510E19E628D1FF9A"
"src\modules\nodeMeta.js","5383","67178139C01B964EDCBE7BD8A4CC224EA10C2A7D358801ED5A3AF26EE1C1BC0D"
"src\modules\nodePromptShared.js","131799","9BF504156B3AD8F40D969E61526816985B9B97693F2E129E73AC2CC51C8991C8"
"src\modules\nodeSpawn.js","8277","BFDFE0C271EE128FE23A47A2FC53008FDC541D15EB48D523CA85687FDDF5F2A6"
"src\modules\panoramaSceneNode\cameraTimeline.js","9043","DC81A87242EAEEFE2857769D865BDCFF8CBC2961220BD79010D3626B61468212"
"src\modules\panoramaSceneNode\characterBodyProfile.js","3565","C457D6D6DEF205D9FE75ED88991565CAB3DD4C4FF92E3D4EE888708E85DBC220"
"src\modules\panoramaSceneNode\characterModelRegistry.js","7765","71FAE46B8CCC71E8F91BACDBF5AEA42CC18E8D30A5681C793902982419FF96FE"
"src\modules\panoramaSceneNode\poseCatalog.js","14660","308CE960D9C1F979DCAB3B722E36541EC1BCE658FF68356EE52E0E18C5BCA667"
"src\modules\panoramaSceneNode\scene3dBridge.js","144656","7048D4E23CDDED74FC68C3BDA1D12A6D8ABB7A321246C9BBA0BC296102915ABC"
"src\modules\panoramaSceneNode\scene3dCameraNavigation.js","9405","B96744238CA8A8BA447F928680B931D6D0A01CFB0B593293A2C753312818426A"
"src\modules\panoramaSceneNode\scene3dGizmoVisual.js","10811","A0A2DB8B172B2B02CAFFE1C7CCA6D0EA09B7388B07DC1E6F2F13F947011E7E91"
"src\modules\panoramaSceneNode\scene3dPanoramaBridgeTexture.js","5326","9092A81D6ADC2784436120C1414BA81A841B241DE4C99726C6CDCCFD0727BD20"
"src\modules\panoramaSceneNode\scene3dPanoramaTexture.js","5875","B84D3FEEAE16A94764F5E74DCD5AFD60D206A09A00576AC8CAD86F174EBCB1B1"
"src\modules\panoramaSceneNode\scene3dProceduralAssetVisual.js","5826","AA443E93273A862B6B505EA141E9E372823906B7870ADC100BB1E395AF52C01B"
"src\modules\panoramaSceneNode\scene3dScreenProjection.js","3400","B5EB3F39A37B3A585897451BF2B2EADB02E2F6423BA39594D0325F5193190601"
"src\modules\panoramaSceneNode\scene3dTheme.js","5611","8FABEEA1C1EA5E4932C9062A67FAB562B3835CEF71CE8C5350FB3C2CE35BD304"
"src\modules\panoramaSceneNode\scene3dViewProjection.js","10149","70B57E4F521985757F1601FDCA2BD250808C07F8E3187643135233BE57F79A87"
"src\modules\panoramaSceneNode\sceneAssetCatalog.js","18793","86CC48FC2B28AF751B1F8CAE4C15F459B25A4BCE114AEE3437084EB474A15188"
"src\modules\panoramaSceneNode\sceneNode.js","38442","9508AD6F4A74F71BD8CF5970835C44BDD3DEC2F54CFB167E15710A79D7A58A76"
"src\modules\panoramaSceneNode\sceneNodeActions.js","90917","334F546F21BE7FEB4EF3D4B32381C0E2E4D8B778840EB9A08042D8071C5217BF"
"src\modules\panoramaSceneNode\sceneNodeSelectors.js","4011","9417CEF08B115A928BBF1A32CE7597365483CF52706D074A4C228EB9D815A086"
"src\modules\panoramaSceneNode\threeRuntime.js","1084","8BD6EB1455E96EC8AA1EAEB6515D581084C3FD413BE7D7E0DBD0B0B7388AF39A"
"src\modules\panoramaSceneNode\transformInteractionAdapter.js","9017","C7E2C68E0F4AA50718109C392B7031FFBF8EC07D5BD6B0999D324A61FA1B150E"
"src\modules\perf\perfPanel.js","15409","1B166D747486C892C6F799226195F36C4421A80F11829003AE99DE634B38BCDB"
"src\modules\perf\perfProbe.js","48437","0303984F628345B0BEDD31755E045B49E30EC32BE56FB9DB37976511E46FD54F"
"src\modules\personReplacement\personReplacementApplication.js","103941","6D6EE54007215C633743AD10352B676C2A4A93D22D64DDD91D87AA76459FF491"
"src\modules\personReplacement\personReplacementAssetLibraryInteraction.js","5080","6B7453FFE10B25856D156AAAEE25144CD396BDA3D0090D51526BF9374D77D1D9"
"src\modules\personReplacement\personReplacementAssetPackage.js","9436","2A1D2EEE8C7B3340335A158BD1D70AE0C943B3717E4386ADF88587414C9EBF09"
"src\modules\personReplacement\personReplacementAssetPresentation.js","40362","1B0BE8C47FA6132F336B98EF8F318A00F28EB3650A3B54BEF357095808FD9FA9"
"src\modules\personReplacement\personReplacementCapabilities.js","56","FE1A8A43488A9C5876877656C906EC9FED9B121DB84AC06BB9799844213536F5"
"src\modules\personReplacement\personReplacementCompositeMediaResidency.js","7085","E116F7ECA3FF88C48A5D6F7BAA772BD0A157A03D586A8E516A1929D445AAF15E"
"src\modules\personReplacement\personReplacementCompositePreviewPresentation.js","20568","8D936985CC16098736A95596ED4A4C6BB652BA9CCF79EFDF65DB47F447485145"
"src\modules\personReplacement\personReplacementCompositePreviewProjection.js","6728","896E277D342074F0227965D2AC5E88E6E3A3BE3513E173549E4B7668BE1B15C5"
"src\modules\personReplacement\personReplacementContextMenu.js","4222","A5224F95BC12367024581FCD4DB8B802997E8F3B14F7D155E9FF15ED0B653418"
"src\modules\personReplacement\personReplacementExport.js","8158","C3795ADB6B65C61D86CFA98BC19B5223ECDB9D1B3275728A33161E2B18831960"
"src\modules\personReplacement\personReplacementGenerationTaskIdentity.js","5014","10D1A607D4F005725F8843F6B6AF606057EC96AC8E34F79D4BB86AD5C58BD12F"
"src\modules\personReplacement\personReplacementIdentityPresentation.js","32347","76470CF81C862D313C45F43271ACC9553C6724546A85CF0AF658628AD061EA86"
"src\modules\personReplacement\personReplacementImageGeneration.js","15153","2028F7AA0DFD8A50B97755A188FC0289CB42017C4A7501B0AE95596F0ABC87D0"
"src\modules\personReplacement\personReplacementImageIteration.js","2993","16EF6B63B520E7DAD0346D38A8CEF5EC453D02FD7CC4B7D7CBB0C1DA6FFB0BA8"
"src\modules\personReplacement\personReplacementImagePresentation.js","30057","C44F4B767860A42F9680537CC5D33F6C8B4AF647373B5177CA548BBD13748732"
"src\modules\personReplacement\personReplacementImageTaskRuntime.js","24373","AE5E8ECB82D5158735AC67ADD03F1BB7796B28A2BA8F263B11E7BAA840332701"
"src\modules\personReplacement\personReplacementLocationGuide.js","6065","0DD5669E5B14A33E61D9F13E2D8D18BB41C46BF2EEF3AF4DB81476AC95D27226"
"src\modules\personReplacement\personReplacementManualBox.js","4395","7E9A1DE52C9113D990140CA90ADF3F97EF384272E9FBB65028F6CDB39A782B9D"
"src\modules\personReplacement\personReplacementModelGate.js","21254","D3A33153AEFB6B1F0C3B4FC66FFFCE9CC8F83DEE65E7C7C724F36627F56F8C82"
"src\modules\personReplacement\personReplacementOutputCanvas.js","64131","4945A9E049271BA60FB366B84C588EF26310DB2EB7C0B7E16F1BAE0FA1EC2FF0"
"src\modules\personReplacement\personReplacementOutputCoordinator.js","23979","340124C9951C6DF0EF814E55E6529CCA05A3EC368A240584AD144D6D56462F58"
"src\modules\personReplacement\personReplacementOutputLineage.js","5658","2B877460C4A8173091C59A0E0D855CB4A5487FBE1EBD1781F4A50C35F8B441E6"
"src\modules\personReplacement\personReplacementProject.js","84509","9584E2C48030C3EF98EA017DAA95BD30EBAFE5AD02E20789A352665C7D82C3BF"
"src\modules\personReplacement\personReplacementProjectLibrary.js","5123","ED418EFBBB46BE48170914093A796D77C60B42CB5620EFAF8048E05172251C26"
"src\modules\personReplacement\personReplacementProjectSession.js","38085","A80A75835FCD3A9D8CF6FAD80D8E9246AF6BCA9AEF30BAC01DB71F642524DCC1"
"src\modules\personReplacement\personReplacementPromptCompiler.js","19364","9D70C84EF4BBA85B319E36444EE400AE6A5C4611D1540EDAA70071426ABD542D"
"src\modules\personReplacement\personReplacementPromptMentions.js","16609","4AC8766454D0C628CB8CC7EF69AF5318BC9952CE84267F24E63D81F148E44187"
"src\modules\personReplacement\personReplacementShellPresentation.js","40660","B915F558430644E2AB8A56BE6C9C9C8D913B8F4E2085138C1D331A542840A587"
"src\modules\personReplacement\personReplacementShotCutModel.js","28473","44220FC1B87FCB4ED524005D61B2EA334B9B1B668580E48FF679A99FA1E45629"
"src\modules\personReplacement\personReplacementShotCutMutationCoordinator.js","6419","D3C815CCA8160AB8134DBEBC9C8C3EC40FB01B05AEBE986CBE081BF47F3551CF"
"src\modules\personReplacement\personReplacementShotCutPlaybackController.js","6167","DCA200C4D1F4197838CCF9B2E84425675E09BFAD0D0256592006A35915BAEF3E"
"src\modules\personReplacement\personReplacementShotCutRendering.js","4965","9FB053CA2102833E6A19896E1FAB898C4DF578C0B4B8610D40706DC72F42B4CA"
"src\modules\personReplacement\personReplacementShotCutSession.js","19906","953D9F044292FB9496E6FA07516D1E664A2EEF458C1FAFB8AAB7CEBD7E2596DE"
"src\modules\personReplacement\personReplacementShotReverse.js","5180","BF7E87F0CCFD443C2E37E951B89ADA9CEEF2F253C1AD62FD6CBB42EEEAD4DC96"
"src\modules\personReplacement\personReplacementShotSelectionRendering.js","22306","CEFB8D4905FD3E1443B5EBF49D519A38D791435A9BD8BB67FDEBC691082B86C9"
"src\modules\personReplacement\personReplacementShotTimelinePresentation.js","41430","F13C0331F6B2F8584EFF7677554C5DA904D41EBA517B97C07A0286317258073F"
"src\modules\personReplacement\personReplacementSlideTransition.js","3959","2FA34E5CE8FF6887FB4C4442B256849F94475C1494DD4B4F71518000108B8CF5"
"src\modules\personReplacement\personReplacementSmartClipService.js","11998","69EE82675DCBB05AF7DAA9EFDA247945758C56CDB4543EAA80CE720F2E44D2CB"
"src\modules\personReplacement\personReplacementSourceIdentity.js","12789","29F74C458453FCDF4274248E94C5473B65334B26A8231C5B5A909FFB4885FA85"
"src\modules\personReplacement\personReplacementSourcePlayback.js","4460","6CE3362EE39B5962D1576B10B4FD6C33CAC2B89D75A8FF73461E6BC0F6B09451"
"src\modules\personReplacement\personReplacementVideoCrop.js","6011","75874E8DBB6CA2E0DA8928F28659F7CFB1E8CE7120A9D148D718A5C967D7F6C2"
"src\modules\personReplacement\personReplacementVideoGeneration.js","7827","A4C454ED959C44FD52048F829852AC22A42EEF0712B2B9BD0AD6D08954AC8F4E"
"src\modules\personReplacement\personReplacementVideoInputs.js","8435","25914EDE97D07729BA1A0345EA15A4E62FAF5F0A6F3D50E02A7F529E4226C427"
"src\modules\personReplacement\personReplacementVideoPreparation.js","8211","1C4AD2BEA1277EBA31FFC11A6ACAF3FC44B915D253F7B2DE8411059948ECDC60"
"src\modules\personReplacement\personReplacementVideoPresentation.js","34765","2BEF2EFA265EE3DCC11881D5442DAE0B79640C19DA06381D063263D9942DD45B"
"src\modules\personReplacement\personReplacementVideoSyncPlayback.js","8246","E908EB49DA05EA444DAAE017AA0DA1BE9F47BF890122C159F7C68D86BC52067B"
"src\modules\personReplacement\personReplacementVideoTaskRuntime.js","29363","372F4E8F2686EC3DB1C5AC344FB5FD0DA06314BB5B607C07C66D53932970D5BA"
"src\modules\personReplacement\personReplacementVoiceLibrary.js","4479","F92DFE7D7F65F40B34B72332DC04F65479EBFC9AF885E7B85EDD074ABEA3DC09"
"src\modules\personReplacement\personReplacementVoiceSeparation.js","14904","D315EFC19FD7F226602E76AD7D6E6F91060656BE1B2BDA9A88EC41DF07944088"
"src\modules\personReplacement\personReplacementVoiceSeparationState.js","5583","B4B835889FA361D828A10D97BE8E4B08FAFA290F9D3F303881A9DFA9FCE4A71D"
"src\modules\personReplacement\personReplacementWorkflow.js","5702","C9BFD82F86C974C8846D480151B70879CA9AD32CC6E82AA50D1B86AB1FD51A2E"
"src\modules\personReplacement\personReplacementWorkspace.js","433012","165A3A116615F6AF7EAB076341A7724DC7A892F33D6C1DF1325A6DE5FAFD9E71"
"src\modules\personReplacement\replacementStudioAccess.js","2181","CC4393929022BAE97B7FC1230397293F3238E8220E68081B6373C5EE7EE8A89B"
"src\modules\personReplacement\replacementStudioBetaNotice.js","2465","73F3C1D7A9DF9F5A52A64C35EA14885C9F19F2B8ED248A7D54DAEBEEB6532FDF"
"src\modules\personReplacement\replacementStudioTerminology.js","1154","8A65F78FF0DFE9B4B778E6F2461A77060257EAC06286AD1EE4C69F1FA25D08D9"
"src\modules\pixelToolPalette.js","4308","87B07399141C0A2AAB9BA8BFF0B225C6439D7EBBE362AFEF2C0FE2C4A7476B5C"
"src\modules\presetCoverResolver.js","7946","07654E6A65BE523DCC15CECA40A0030E13BE02657BCBD550ACA60633E519579F"
"src\modules\previewGenerateButtonUi.js","5662","ECCB1B8B65D081FF1C3D6267E1A294186CA56C6D7D27B85E037660C012A403A5"
"src\modules\previewMode.js","5116","BBD8852310D5A8CA00EF731B83AA93816FE0B9B64F58F98E95F871359510EF39"
"src\modules\previewUploadEntry.js","21372","5DA536E7E678A636B5E9371E4CECF50BDD82133BDBCDF172A46B7D9A4E321329"
"src\modules\previewUploadResult.js","10170","1C7BCBCF8BF7A6D57EA6BEFAAA68814B1EAD19E5C06D8E7B4CDA49A6AB3E3CE5"
"src\modules\project.js","1604","9257773A2DCD29C2C86B2EA5B375D55E5DAB53699095ABE2B93650167DC25203"
"src\modules\ProjectManager.js","19224","7BC5BF1F1EC527F07DEE45695DAB4B1885CF294C19B6AF174BD754F5B88CEE54"
"src\modules\promptAssetInputOverride.js","8622","7AF30D6F666CD8319299F2C494DFAC23E0BF14B1BE41941569EE2AB73DA7F143"
"src\modules\promptAssetInputRefs.js","10968","8B78DC90173EDE2EF49FE716466610D952AE751E0D4981CEA020D91B18637C82"
"src\modules\promptPasteVirtualization.js","7066","739EF593CCF65EA55FA44CE689E59DB591EFA4181C5ABBFB5B1B73F13D5C5BA5"
"src\modules\promptPresets.js","110730","B054718A2561B5900CC8C0EB49533AD38B824ADAA89E16AC0839FFFD4073D21C"
"src\modules\promptPresetTemplate.js","4393","61E0D9E0C236677689C59889E1513616DF893D23733E4372A5FC272B8071BAF1"
"src\modules\promptTriggerComposition.js","3316","B224BBDAC0FA0368E7F4CA8DC420D96218A9456EF4F611E670F5C9BF6549BD42"
"src\modules\providerApiKeyGuide.js","11854","AE006AB8EB56FBB2242831D12C4D0990B7E6259B42BEC88D1CD59DD8FBB42B36"
"src\modules\providerApiKeyMissingToast.js","7881","9E77B8C743E3C48B29EEECF6124A7FA3DF19563BEF3E54EACEB5C4044B39CF32"
"src\modules\providerIconLod.js","12694","A61F813B4C3C6E2728A33A02BFF77A5537B16B8CBF2E804CD038BC3A8908D0DD"
"src\modules\providers.js","8576","0EE47DE591544F420241068DEB7A2F02C8136470CDC0BB90FD91DB582E489F2D"
"src\modules\referenceInputThumbnail.js","8178","EDDF102C7A921FAB2BF5F53C3A67D134AC51CEE9D3D680752C5D483C3A8A59AB"
"src\modules\referenceThumbnailFallback.js","3698","03864DFAEF69C3B9B6E5195314053AA3C6A7723BC4D74A69EF948852529E06BB"
"src\modules\refThumbDragController.js","25047","3496AFD48D94A1CF3FE6128759295EE15400A15E95477CF50F5FE80E2EAF8D94"
"src\modules\refThumbHoverPreview.js","7895","82496569E2ADD1FCAC90C80C8E91BE88170A539D4A8C687AF47E6E09FBF86813"
"src\modules\refThumbMaskBadge.js","2207","E5C799E743AA2AD065673BB085B1DAC5B3B7D044BB3B571929823A190F605A45"
"src\modules\refThumbMediaReveal.js","7286","687E36091170454E5E26C595B013B8A4965C14344AB31389BD5A3FCD8A145293"
"src\modules\registry.js","2572","88DB6E0AA7E52ED408DEA8FD41048D96FED14FF29000CFA9A94032D359333C49"
"src\modules\runninghubAiApp\customAiAppNodeBundleRegistry.js","5716","CEDA37AF688AABD9EBEC3A0DC58784691D29B324B2776BFB355787EF403D36EF"
"src\modules\runninghubAiApp\rhAiAppConfigRepository.js","14661","1690630D5F058D4CE4470771091596916AB5144AFA9DC005E24F26B1D0FFEB77"
"src\modules\runninghubAiApp\rhAiAppImport.js","33016","6AF5249FC33B3ABD73A748B03ABC32713C606DC447C56BC7E8E13F9C86DF85C8"
"src\modules\runninghubAiApp\rhAiAppPreviewDragController.js","40884","21D6CEA64CCE5FC90BEE56E4D19A6A2E81EF4784D80FF2047B342382601A5E7D"
"src\modules\runninghubAiApp\rhAiAppPreviewPresentation.js","19800","AAFA75D1C3031867D90D12DD1958D9F71ED3B29891222E037B18F63C7F6F127B"
"src\modules\runninghubAiApp\rhAiAppRunningHubProfile.js","2067","9D5750777F36F8C8FDDA0AAF73F563252566D5A60EC13155E789C953A41513EE"
"src\modules\runninghubAiApp\runningHubAiAppContextMenu.js","4277","A0B629B1D0E6A3CD089A51DA82DFFD29A8BFF2AF4941F7407A7399772587D4E1"
"src\modules\runninghubAiApp\RunningHubAiAppManager.js","187504","333CBB09EBFF7A514044C9B768FCD4434E4C46E25B5EB10AE418D6D4DE531715"
"src\modules\runningHubApiKeyGuide.js","10696","836E08B20789392C4A1DAB2DAC2F83C2061797A48892EB501B81F6665D105E51"
"src\modules\runningHubInstanceTypes.js","2688","D76CF43E6BA0353F11D43A408961E24B4C34CA60DD92276CFE81D58866849895"
"src\modules\runningHubMediaUploadGuide.js","10046","3A9AD07113EE81DF1617CED8918A38ECC4310194CE825AA0C9549F995A738CAE"
"src\modules\runningHubProviderProfiles.js","7896","480EFF06FEC839DEE742A7F15965C6F845BDF0D076DCF8F36F2A91A6E23545B9"
"src\modules\selectionMediaProperties.js","19639","2C481E42750CE4F366658986DBB378955E02FB3D0A6B225D47B458086D68DA3C"
"src\modules\settings\apiSettings.js","35","2AAF906489415E854E7E1594CCC3F337A622D9526FB817BFE4E6D10338D8948C"
"src\modules\settings\appearanceSettings.js","27594","4E0FB2A7A19E32C655E2DF494C49E19D0431C7D371D4095115032462F07F5236"
"src\modules\settings\canvasAlignmentSettings.js","16504","2DCFF36BB215ACB08D8BD4B8E6EABBA0FE35F48F7DBDD3F99B1A60F34D9C1C21"
"src\modules\settings\canvasControlSettings.js","4083","175839F965077B8E3DD1E5A0AD7AC6CD633317C16FFD3A9CE69ED227BF007347"
"src\modules\settings\cliProviderSettings.js","10726","45AC77E8EFDD8FBC66BBABF7FE4E01E1002A01F3640EF2CF545C9B527F5AA9E3"
"src\modules\settings\completionSoundSettings.js","19178","7EC21178D1695FFA59B30C93C8683282743AF2314C2E7332B28134B03580DC70"
"src\modules\settings\diagnosticsSettings.js","4594","245F01F02F83860FA477DE294E86B6B9C5A7C26B91B476843F97D39314277609"
"src\modules\settings\fileSaveSettings.js","43574","7E1AF4461C5C9C89C26DB91B14C848BB2ACDC77AEC09285B61BDC386CB314C4E"
"src\modules\settings\imageInputUploadQualitySettings.js","1939","D483A287BCD3D53A640617CD22A80048F8BC7F45A89CBC958168D7772AF5F2E6"
"src\modules\settings\localAssetCleanupSettings.js","11186","88A82B1E2C847B6C45E5B5B8C480CEA143B81054D78FCD5433F66FC81CAAA532"
"src\modules\settings\modelServiceSettingsNavigator.js","22046","07338719EDAB6B9D2C593D5EF64C5D418B2A960B23AF9446A848B5363BFC0022"
"src\modules\settings\nodeBehaviorSettings.js","17807","FC23BF179A4DD5A965EA5D7EA9347F35C4F91EC4D76A9D7F7C0A0767ADC2CD21"
"src\modules\settings\nodeManagerSettings.js","4249","6B0B3E48CDAC9BEC85687B798DFAA2C777207799DC3B027F5064E072091DD7E0"
"src\modules\settings\objectStorageSettings.js","27486","73055DEC6C7F8B85A04ACD26A3B451185D70A12D188DB98613FB30AED15535FB"
"src\modules\settings\panelSettings.js","9009","E78561F69AFC4447380FACCD46BEFF007A29E5DC6BB5BAD726BEC6760CD9E543"
"src\modules\settings\runningHubDefaultSiteSettings.js","3506","A2297F8F07967EFDD980FFA623384A5AB7F020E0C38D5B68C36DCF161A951E43"
"src\modules\settings\settingsShared.js","1660","C168755785AC7E54F72D662BC3F6F93C6A9BEF0B1D83A7FE4EE7C2EB4F61A957"
"src\modules\SettingsManager.js","3170","D3FF150B639FA368A1EE2C09A88D0F465F40395D9664C828BED6FF84D853AF7A"
"src\modules\shortcuts.js","50553","E8D8C047976C0FB536B6A5D0F434BADB2721CEB8C5D734B2B6A8C5A5F73322F4"
"src\modules\sidebarSubmenuController.js","6627","A62F8B07895852E51719E5320155B2B0F43B14E72CBF5C452F394EE0E01968BB"
"src\modules\slashMenu.js","31200","8E7CFE214692C3E0543566462E46DD6C606B8048FFFC1A37F3CE22332B721632"
"src\modules\snapGridState.js","3643","DB96B79423A3D5688E550DD1D3E63EAA57E939FCE2EAD0221378171D05B8D5CD"
"src\modules\storage.js","5841","9CBF2B324422A1AD517ECBCC1800168CEB5C2B52E008AC2195FC77E068E28C26"
"src\modules\storyboard\storyboardComposeDraw.js","4916","A034F573F35961351A074FC250EEAB38C17C5CD84DFA89D3986F5D28F5658BF3"
"src\modules\storyboard\storyboardDisplaySnapshot.js","29104","722BC87CD7380914FF7E242119B263584AAC058E2ABF9D71165D3E33B3FB5375"
"src\modules\storyboard3d\aiCommandAgent.js","17578","0847C3B88D0A9E31EC5465F016E6BE9DCD66C8A7295238663215C76769A4D52E"
"src\modules\storyboard3d\aiVoiceController.js","22938","55BAF77838678E4DFA826F53633BA5EA4DBE61027DFDE76A69F0B44D85C893EB"
"src\modules\storyboard3d\assetCatalogSelection.js","6457","48591F6A8F5172CD874ADE0E61DEB2065DA5B98F4624D6090716701F54D23B27"
"src\modules\storyboard3d\assetLibrary.js","12548","C630B8D71EBB61AAFBAB806A293EB87C2ED345D30EDDF473073D0473319CAFCD"
"src\modules\storyboard3d\assetRecord.js","5970","EE7EC4795CD8248FFADFD77592AD725D579924D560CCEA82C26A26727F34F4BC"
"src\modules\storyboard3d\assetThumbnailRenderer.js","8317","BFF103D8681621640C38620ED6DCA6B678355138226B2F5A5D487E46AB10340E"
"src\modules\storyboard3d\backgroundCalibration.js","10966","444CEBCC18367F4FF7AF9A2A853892DC6BA5DE4BC292EBE2C8C6451E6CE94858"
"src\modules\storyboard3d\backgroundCalibrationInteraction.js","11360","B23478897246366F2587703663B325AF80FFA243215931078247DA987AA276B6"
"src\modules\storyboard3d\backgroundImageController.js","3983","D51AF302FF831E040E480C1D0EFB5F719F1165233348EF4A58DF7FBE50BFC52D"
"src\modules\storyboard3d\backgroundPerspectiveEstimator.js","13126","4AC66BA6CFFAC9974EEDDE31FC5AD5912AD22348E22DFFE7D40AC9A6DD3BBD53"
"src\modules\storyboard3d\binaryAssetRepository.js","20011","1B28E6250C42925FC5BAD8A5327AEFCDED110707ED31D033B7461559183F0B55"
"src\modules\storyboard3d\cameraShotSystem.js","19372","F23BAF78EDA820DCC4A95297579EE36BB877C2086A1910F5191370D970223F8B"
"src\modules\storyboard3d\characterImagePoseController.js","6552","C534D41C6787B12D74412A5241F36D14E1644A251D6D6316DF5498328888CA60"
"src\modules\storyboard3d\characterRig.js","20131","10A0594C667A1E984794A0F3C1C0FBAB8F5E6277F474ED9A5ABB89677B3B31A3"
"src\modules\storyboard3d\commandHistory.js","16175","6B382495030AE4010867DCC8A4506FCF66FD09491A85DAEB7D2A90AEBB3234C3"
"src\modules\storyboard3d\editorLauncher.js","4364","E99CA25964EBD958958575085055476CDCAABC7BA909CEBF9C290F0226019726"
"src\modules\storyboard3d\editorStore.js","4014","CD83DF941B9D0D2B5FC4F657BD22A25872843628596120B6823CA005897BAA8A"
"src\modules\storyboard3d\editorWorkspace.js","327408","D8B93307CD7D571D6345C38FE72D73227F8EB5E4450C6A3C3CCA325E28C0C63A"
"src\modules\storyboard3d\exportCanvasBridge.js","3049","C6CF3F37239DD8BC8B908ED34FEA337E4C373704CED48946EA6D9AA21A1BDF60"
"src\modules\storyboard3d\exportController.js","38704","F8D712BDBA2D6506B36E43A49A58E81CD69667AB427A0BDD93CF3C95281100B9"
"src\modules\storyboard3d\focusTrap.js","4706","DCC346C9F84A06C0D0192EAF08CE930FD6AC7AC47693C442724BBBE366C4DB09"
"src\modules\storyboard3d\geometryImportWorkerCore.js","14085","5F0C7DA1F5825E5679FC65A996409EC8CA6840A1973820E9FC99C85039A9CAF9"
"src\modules\storyboard3d\gltfImportAdapter.js","8756","1F4868B33572DF8FE44817DCEB9BC1D711D3C973BF32390680BB23A2840B4221"
"src\modules\storyboard3d\imagePoseEstimator.js","8041","54EA0A0BEA8622E9BEFD9D068C91835707BBFD6C2C0D49A2C59D3EEE73361381"
"src\modules\storyboard3d\imagePoseLandmarker.worker.js","4715","8E5AA2314AC95858CD4C46D06D6F3F0053AFDD45FB282C351EBB9E571E8933B0"
"src\modules\storyboard3d\imagePoseRetargeter.js","22079","9A98BA8B170C17A21DF59E4A07975FECEA4303153224C99A8CC1B0637F495073"
"src\modules\storyboard3d\imagePoseRuntimeManifest.js","3063","BC8396F391EE3868F5EBD09583E5382CC7D4455A284229CFA3EECB9FA8EB0E55"
"src\modules\storyboard3d\index.js","2999","F1FE439591A5A67937A67F1E87E2A7C5AFFB89B5A72F004E921A5B43629BE5BA"
"src\modules\storyboard3d\instanceBatching.js","6711","79E0A7B1756CA3D0CAD6B0C8F837DA91FE618192474405D7F895A73A05955002"
"src\modules\storyboard3d\legacyModelImportAdapters.js","5405","6A1B3F6752205EB5994D61AE2E3323E9A2D1279EB61D1E9CF8C81ACB2FC6354B"
"src\modules\storyboard3d\miniMapMath.js","12197","026242375ED606E4433D7E952E9357A5D2075D6423A77E9B943BF7EE552BAEF1"
"src\modules\storyboard3d\modelGeometryImport.worker.js","2459","8A0E89FCBE541D5EE63FFC2C8AAE3ABED781B7C7DA01FD0F3BFDB78A53D730E0"
"src\modules\storyboard3d\modelImport.js","14136","95AE9462E7042F00F05A2474B2D7DB06E0EF3227B8959E2292294F7B2AD6EF75"
"src\modules\storyboard3d\modelImportJob.js","13056","F3E78BB266A9A43408DB28B37CD84E336F210C083E1ED49841270718DAC7CBAB"
"src\modules\storyboard3d\objectTransformCapabilities.js","2868","C2E5E5B642B07F75137C7F00502ED58B4971199F14E9A8B9EE817C788ABAD718"
"src\modules\storyboard3d\projectGeneration.js","19570","5F8F7EA2EC5E9E59357B8A4F7E431E76625DF510CEB0A8CDDA6E2CC55626FE2B"
"src\modules\storyboard3d\projectModel.js","29706","732177AAF689F2667A5F4C0E2F0C692B3854007918881FEDF727C5DA4DDA6B0B"
"src\modules\storyboard3d\projectStore.js","6235","09BBF17571E6435A6C6F6C836318568E885A60CA5DA08CAFF869116BD261886A"
"src\modules\storyboard3d\sceneHierarchy.js","14097","BD27CDA39781E5ACFC6AE491A11D6F6C7E8135C2008FF3A662760C719EE7E41F"
"src\modules\storyboard3d\sceneProjectOperations.js","14888","93DDA6A5781262CE304C45D8C003F366008DA4A8F163F29FA025770A4A6681CA"
"src\modules\storyboard3d\sceneRuntime.js","59470","571A0CBF72005D955A160462AE0712130AE49E2562490F5A00CCE7BC66359834"
"src\modules\storyboard3d\selectionBox.js","2845","F0610E2AD630CBEBF5A951B735A7AB02FC924D8F80F7FCDD9D9868CC715CDDBE"
"src\modules\storyboard3d\shotAnimation.js","17240","F80BEFE0263A7DCC7732427C946E75A3FB0038D0F9E77309C763B94A7F80A976"
"src\modules\storyboard3d\shotExploration.js","18722","C9BBC861B5C400BBD24673CC21E1D5C2D28D42419FFE056DA6386035351CCC54"
"src\modules\storyboard3d\shotTimelineController.js","40726","5C2D79F82C171DF0CF6C34F2833E32962416760256D48D78E1286584911652C7"
"src\modules\storyboard3d\spatialLayout.js","16840","583B20D0E76E7B5DB57F2E7CB11F3B10BECCB4536F3A535FFBDE2EDBE881B3CE"
"src\modules\storyboard3d\storyboardExport.js","15390","4357BC6D450051D15AF36BF170CEF98A140281C0F200D8F822B890818470FCEA"
"src\modules\storyboard3d\texturePolicy.js","19979","76CA96A69C1C31093FEC87034B0B29394FB313D50C56C7C2D67E6A491FB5DB2F"
"src\modules\storyboard3d\transformSession.js","12715","DCD6AFCC4A92D24BCC3630BC70D5CF822E5850D771FC8FACBEBB2078344488B4"
"src\modules\storyboard3d\viewportControlSystem.js","19293","11CC901F21D2163F99E10392C3E60006CEDEC508A8A25AE7856A1813CAD8B153"
"src\modules\storyboard3d\viewportNavigationProtocol.js","3779","F710F050D4DE3507A3A0855FEA3047825A022313B3B358AAFCA923274DA4FDBF"
"src\modules\storyboard3d\viewportNavigationSettings.js","6040","AEEE7559063F21711ED8E999F131A1C46C5F3F1C679EC633667B99D2F3E1C739"
"src\modules\storyboard3d\viewportTransformSettings.js","2201","3D895694C0DD2FE8956885BE552208BD5760519325EB7ACEF0E42E0C426DF7DB"
"src\modules\storyboard3d\voiceInputService.js","7362","420F58C2081B00CF35B709E34B7E9007588121C6CF8C187365970057CC47A7D0"
"src\modules\storyboard3d\workerModelImportAdapters.js","14064","1A074CC03FFB3C8A81A46152F775461A3D93A2A9336FA313D43859CB54018F42"
"src\modules\storyboard3d\workspaceController.js","9059","2E496A30CE515343C2C8D6D512DE08892EFC0CB9FE08D08754E9A718B78FAF61"
"src\modules\storyboard3d\workspaceHome.js","59459","411D8CE2AA75EC820FD6281E86CABD9547B80DBE7CE90FC1F02395FB5B4625C4"
"src\modules\storyWorkspace\storyAssetAppearances.js","14358","424BB260819CE070DA1F998B140C14149D048716DD3596C05F7AB08F1E1AF478"
"src\modules\storyWorkspace\storyAssetDrag.js","4733","B8B3D2C6F454C6C0410A77AC1F4C1E10AF7B016269825C72D8E04A8290CC95A7"
"src\modules\storyWorkspace\storyAssetExtractionDraft.js","23055","AEFDDD16709DD353B895BC90940CB5D7CCF342BF0B268F93FB70D401EA1F626A"
"src\modules\storyWorkspace\storyAssetExtractionRunner.js","5229","AC91E3E5F446E71B7EDB2FBDFB7F9F1B3E8F5F896232B23ADA6E2B9801BC8C3A"
"src\modules\storyWorkspace\storyAssetGenerationState.js","9179","411B3856100D525A3E04E0635B92E85B19094C0EAB7C81558FD34202F7088177"
"src\modules\storyWorkspace\storyAssetPromptMentions.js","5207","663F402457564360D701035AD4270E9F5F7121867812F679E3BEBE15B19A82D2"
"src\modules\storyWorkspace\storyAssetPromptPresets.js","2378","B47AE24B5AD6A290E32ACAA717399BA724708286D56D5CF2B880C265460B3934"
"src\modules\storyWorkspace\storyAssetSettingsPresentation.js","47657","2B524AD5B6457F12CEF37C911168D023B092C0C8D5189A45AB34A4FD03659E9F"
"src\modules\storyWorkspace\storyAssetSettingsProjection.js","24088","524DF547B35C862D20FA828C8CAC1CD182960ED6BCE2426A111BD3600C58E327"
"src\modules\storyWorkspace\storyAssetSettingsShell.js","1183","1C10B02E9A489C9065F78D6E89F4E72A030D7A396C5C42C84DE6AB64781FD311"
"src\modules\storyWorkspace\storyAsyncButtonPresentation.js","2035","93FCA5F65F03448BF0C79F3EDDA59C5CAA2C224733602DC982516B7F65E0FDA2"
"src\modules\storyWorkspace\storyBackgroundTasks.js","11852","C13EF7C20416AA524CBCB41824D4BF1DE174AA5A946B241026ADDBBF8B11D4B5"
"src\modules\storyWorkspace\storyCanvasBinding.js","2227","1E7378F3BB6A3CD36EDCB718BF3D5E9BBB63741A0AFD6C2572E49AD5E64565F4"
"src\modules\storyWorkspace\storyCanvasMediaSync.js","19547","99E9BE50799FF88717B43F514E8042B7D8AB968DADDE4CF824E266440E9C4365"
"src\modules\storyWorkspace\storyCanvasNodeSubscription.js","4029","844BFB3553023BC010DE4CBD8A8B23559665F0A8C149551C8D1B651F847BEC44"
"src\modules\storyWorkspace\storyCharacterVoice.js","25148","8AF448EF9230915989C3AE5580F98FCB8F57FD9C4F5DC0DF12D13AFD2179A5AD"
"src\modules\storyWorkspace\storyClipAdjustment.js","18386","D158C9EE5B3F78F082550E654EA773A4664DAD6D305996BC1C35148131DBB983"
"src\modules\storyWorkspace\storyClipExport.js","7013","EEE27694B125C90F245B5D06750FADEEA502A29C5BD41538B0CCE38D5312D987"
"src\modules\storyWorkspace\storyClipFrameCapture.js","8823","52784CA2C1122555B0490202C41855720BC383BFB28255DD31522A3068E48DAA"
"src\modules\storyWorkspace\storyClipFrames.js","18871","16CC8482A84B59ACABFAEFF6DAA6BBB388B9513FED369DA7921E235E3986C77C"
"src\modules\storyWorkspace\storyClipGeneration.js","29681","CC8346E91903BCF84F780B287096CD207E10F1C1AF7150BCD79646C5BD65B5BD"
"src\modules\storyWorkspace\storyClipInputSlots.js","7945","A39F689070352B000C7C18D2B2E08EACD37B187905312714C102F701E99C37F6"
"src\modules\storyWorkspace\storyClipMentions.js","30911","61087822114BC82E474678EA4C9A21F508BD359B9901C502A60910CE13D37A12"
"src\modules\storyWorkspace\storyClipProduction.js","67102","8E12BC17F903B48CD4C3A5273C65D57DD4DCC05909FB02F761395AD0158DA154"
"src\modules\storyWorkspace\storyClipProductionPresentation.js","33546","DE24CEDCD7FD140CABE4DC5E043064F674E559C19A11179AC25F5FF4C4F75E14"
"src\modules\storyWorkspace\storyClipVideoResultDom.js","3792","01D6DA85281A42CC4F5B1377F5264261DCF93E2EAB698F6ACABCD39465BB67B9"
"src\modules\storyWorkspace\storyEpisodeCanvas.js","17845","6BCAB1360FDDA907E29883D7CDB11FF4D06C21D3A87B225A6D8F4E979B9EABBE"
"src\modules\storyWorkspace\storyEpisodeOutlineApplication.js","22602","F49BB329F85934912F74A4F8B7C75C5F0B8186B2F1776F0328295880816870AF"
"src\modules\storyWorkspace\storyEpisodeScriptApplication.js","23685","3641F0DFE988542169A714481C2ADEF068C60BE446B9ADA712B1139C55B0550D"
"src\modules\storyWorkspace\storyEpisodeScriptBatchQueue.js","2872","26E65B8CCE07FDE6F21385602C3730352C6C22BD63A40D16E120491A4E0EDFA1"
"src\modules\storyWorkspace\storyEpisodeSplitBatchExecution.js","7265","DF54A7E2E979CF6E966EF40DFE6CA6D2F7908693B3EECA11233BE90B99B89334"
"src\modules\storyWorkspace\storyEpisodeSplitQualityApplication.js","2226","BAB9C91827F4B45C2458B6828A79E8AAF51819F0D71712B5BE4D615A3FC6EDF7"
"src\modules\storyWorkspace\storyEpisodeSplitRun.js","12665","4F7CE0CE178721D487E30BACA27E85598F9B5DA6AED04796C7D539C6768CB4CB"
"src\modules\storyWorkspace\storyHomePresentation.js","44494","71E14F93A6DA84B1984DAC391BC398FCFBFCFE72C6F884AE1385235FAA21F8B1"
"src\modules\storyWorkspace\storyHomeRewrite.js","5028","15C00FC921B393FFC123B21FF4D29C4AA1A482608A1DBF6D3458B31B36F19FB2"
"src\modules\storyWorkspace\storyLibraryAppearanceMenuPortal.js","9573","132F933772437BC32B344136C2BB04E031F23ECBE57D76F29102EB4856A3170A"
"src\modules\storyWorkspace\storyLibraryProjectAssignment.js","7442","61DA8FCD96F75ED48278831CB73D256E0AC08BC55F0193145EDE3EAFBB001837"
"src\modules\storyWorkspace\storyMarqueeSelection.js","2677","D0BD82A68A1C5CBDEDAE0341AAB2E585B494556B1060DE278A3F59C395860978"
"src\modules\storyWorkspace\storyMediaHistory.js","1264","14C0A7E78B549B25E7CA500F72E45A0E59B554E59B2A32C8248F7BF654C9EF4C"
"src\modules\storyWorkspace\storyMinimaxH3Prompt.js","16709","8E62043376D3916B0BE6FA26D99758B5425C5813833F9988E535014C71CD3842"
"src\modules\storyWorkspace\storyModelCredentialGuard.js","2326","14698B8F9F4B189E60EFDFF405047C70469D223AAAAB853809D130EAD1553361"
"src\modules\storyWorkspace\storyOutlineNavigation.js","5595","27D88D0B10A1E9161682CC15750353BDC8A2619A229FF6FF95E9AD13BD8D489A"
"src\modules\storyWorkspace\storyPlanningData.js","82306","1D93CFA00F93371220238C89DC6016FC8FFD2F09BB91D1899008F3655AF608DD"
"src\modules\storyWorkspace\storyPlanningTaskState.js","4293","C3397572689CDAE5EE60E753F68A40ECAD26770DDFF80FA2C6C0A0EB0B9E8F17"
"src\modules\storyWorkspace\storyProjectCanvas.js","58767","9D588C9E204FA7363634C887192CA26AEE925834BA692672B69F1D209FC43A0A"
"src\modules\storyWorkspace\storyProjectPlanning.js","21067","2B7A8BF16E65B4AE06BC0AD5D540BAA7EB73F04634F65426A370408FFD4E389E"
"src\modules\storyWorkspace\storyProjectSession.js","13014","64C2D2C913790B65AE8231F5080B85A08C59FED893C4641F6AB78CB2DFB81741"
"src\modules\storyWorkspace\storyProjectTaskState.js","13688","13CC290B4AA88966D345C99BB287C107804C4839E6EACD9A2FB6F88FD35C3FCE"
"src\modules\storyWorkspace\storyProjectTaskToken.js","5515","F649ABAA8AC73C3BDFC73B15230B556E4556CDE32A84638BEE5BD577EA9ECABB"
"src\modules\storyWorkspace\storyPromptModes.js","13028","E79A029535E13875C27A268E06197FCD6A63D455B322C7D1526D1413792FE850"
"src\modules\storyWorkspace\storyRequestDebugPreview.js","14405","CEC4897A7E48DB9C626AE9798061DCF99476E6156163428681B1F25A3EC491CC"
"src\modules\storyWorkspace\storyScriptImport.js","11510","6A739DC4AD6215CC1CEE74DD630F04F0D6DC05BFDB79BEEDDC0AC2852C687E8F"
"src\modules\storyWorkspace\storyScriptPlanningPresentation.js","31297","7D33B41E6990871F7235233E439CCC97D441CB3E5EEAC6FAFE66F96278710259"
"src\modules\storyWorkspace\storyStyleCatalog.js","13652","84A4491611641C36D49D6F6EDD194100AB6115342F4377F64895F81F63C8455C"
"src\modules\storyWorkspace\storySummaryRun.js","10590","8C362D306EE59F8E9C5401D67925D65DB751091E23D7CB1CE18E23BEA8B6C61D"
"src\modules\storyWorkspace\storyTaskBatchCancellation.js","1768","4B30AED436D5998505BF9D35519E1B15768B3361E09A6883C0113D53BDC0F088"
"src\modules\storyWorkspace\storyVideoGenerationSettings.js","19784","E28BB4CB9D8F7BFF5AB68ABF6086D5469D40E79D5252CD7E04261C3F5A2F639F"
"src\modules\storyWorkspace\storyVideoPlayback.js","2181","8A18584B89F805908809197CBD0254D9E5947FF900FAC47AA113F50A3CF695F1"
"src\modules\storyWorkspace\storyVideoReplication.js","28580","4EC282EE3347B0A004EBE25367EF409B13414F7B8B103F3BFDF01EA0F6DD988E"
"src\modules\storyWorkspace\storyVideoReplicationPresentation.js","11272","78CA1086FDF556F7A2E398BD4E14B7849B251CE19914B81583B793BC958ED73C"
"src\modules\storyWorkspace\storyVideoThumbnailBackfill.js","4787","2C770A3A6EB90B59275F2B7F37A7B5FFB8B845CB1B927E1C472A49FFEC5E5FF6"
"src\modules\storyWorkspace\storyWorkspace.js","547948","08AA2BFB3341F85D955EFAD2DE6387696D209E6685FBD692D0515A4EF0FB02B0"
"src\modules\storyWorkspace\storyWorkspaceBetaNotice.js","2306","AF80D51D2B2A2A6F6E2996D91BD6078B12716FDBF99DCF05E3CE39AEE10388D8"
"src\modules\storyWorkspace\storyWorkspaceChromePresentation.js","11941","2C8E2822D80E19C625AE7719C377FC32DBB3E481A98192E34869CCD908296D6D"
"src\modules\storyWorkspace\storyWorkspaceChromeProjection.js","6378","32DE37265A84FAC788EA8EB54E1AFEB813DA12D85D74A3B0E4F5913E9F01FBAF"
"src\modules\storyWorkspace\storyWorkspaceContextMenu.js","4561","EF23FF0D7D61F5FA9BA67F15B84B39FB1DEED7C6FD92A038A74E32BC25CD39CA"
"src\modules\storyWorkspace\storyWorkspaceData.js","12202","C324AA2957E40416ED90BDACE135AE7DCD13F3A94124114B130A5699034E16A1"
"src\modules\storyWorkspace\storyWorkspaceIcons.js","1873","3A010A9896EDAC552C3DE42D97FCB429923642E3A93EFD7D7C8CC2CEB9D99DCB"
"src\modules\storyWorkspace\storyWorkspaceInteractions.js","7759","8D1179DE8CF3795CDEB9905F683C267091B5AA75EE6A381BDC5E3679920ECA72"
"src\modules\storyWorkspace\storyWorkspaceModelCatalog.js","6194","0930918AF9BCEBA2147319413F524B5395908D2065B9CAF583EC64349663477B"
"src\modules\storyWorkspace\storyWorkspaceNavigationTransaction.js","20809","BF70C2996FDCAD9E797B45DB37B5752430D392373DBA546648E535266CBA3599"
"src\modules\storyWorkspace\storyWorkspacePersistence.js","9436","EFCBEA60C51823B3B0DB4BA0DD321307ED18CAEE205E68392F3D8FCC7CE147EE"
"src\modules\subscriptionAccess.js","31958","F36C3BFAE7903704EB4C130D21091368C9683C173D258D129C3E8A1DBD62630D"
"src\modules\subscriptionAccessMissingToast.js","2294","52D21E7772C878B23376577BFD6055F2B871EA1C0EEBFC178B24D8BC26EA716D"
"src\modules\TaskCenterManager.js","27312","6D2FAC40AD7731528D248187FE4F02B8B9422AA8434BA76E9FFA4AB4C0FEB409"
"src\modules\textInputContextMenu.js","18888","020FB14F08CAFBE6FD1E5728FB1170D58C61D284B9D012B37885C7D7158552F3"
"src\modules\toolbarPendingResultNodes.js","4002","0E2F70DCE3BA9A380316D6B9CD6DC53BB218174FB22AD2475B8016568F4817E5"
"src\modules\tooltipUnifier.js","19652","22FE0BAC6327DCBB6CBA0F2AB332FCB20247014B123BB7A960A2433278078211"
"src\modules\videoAspectRatioExecution.js","5888","D6D6AE40EB76604C55947038CAF20DE0A6ECFA5ACA7B2D017503EB51011B26F8"
"src\modules\VideoAudioSeparationController.js","11410","698CC2988A5830F843FE06D983D67EF04F1E78E762D578C7E145EB58D7F6A60B"
"src\modules\VideoClipController.js","109741","5B3F194D865490781D5F582E969D5308C1EB0C8214557BF0C0AC2C74099B5289"
"src\modules\videoClipThumbnailRenderer.js","12664","95BEDF111847CC7B349F7C65A56877B004B130896DB99ED1CD244590485FB9C7"
"src\modules\VideoComposeController.js","14701","A9A76CD3116C5035D582A71F0F24093CCDF2857DFC3C70112FA1E180F3B7FC89"
"src\modules\videoFrameExtraction.js","7221","8647C29717DD72140EEDF32D47351A080E2E232244FE279C461AD1A7FA403AE1"
"src\modules\VideoKeyingController.js","101917","20A73D45AD47A9622A5F75E23F71A506A0994579900AAF5189377CD2402E19E2"
"src\modules\videoKeyingLifecycleMethods.js","6662","CBB246C871CEE65E266109DF71A7CDE2A29437E4FA8A2C8208A299516EC19871"
"src\modules\videoKeyingManifestResolver.js","1990","9F4A0886AECBDB268BDB9472BB068573789506E5AD00272AA43B75A2EA5DC875"
"src\modules\videoKeyingMediaHelpers.js","5314","2B8C1DE7EEF40670AF4946358424AF8DFBF8A63DE9E60A82D6F5A710B8557BD2"
"src\modules\videoKeyingProjection.js","7383","08FCBD2A192D31476D888F12D86DE5F9549EDA5604DD4904EA8078BF322E91CD"
"src\modules\videoKeyingSettings.js","3396","86CACF5F2C92B4B7E075C1503C9E9AEA3D8A14EBBFCF9191D9ED34F87B6816F1"
"src\modules\videoKeyingSourceVideoLimit.js","2027","F91D0AE660ACC42C02229FEEA3A8235C8F6C0FAFC8686F71788815760FE05937"
"src\modules\videoKeyingTaskRuntime.js","15744","C579F5BEDD939228A4EFCBA1EE8351410FA7DDC056CD124A3309EE40D368F78D"
"src\modules\videoKeyingTextHelpers.js","2485","6FB82C400C474FCC1D6D7A267B61EC66B5C02E3E92AC22314FC59F266691E943"
"src\modules\videoReplication\videoReplicationApplication.js","39565","D47AD3F8220FCCBAFCE5D1009BFA0229B52A42E3A499CC887A717A88F95C034B"
"src\modules\videoReplication\videoReplicationContextMenu.js","4338","4DBBDF42410A7DAB1A21FC34A06F5DDC678B0E1123C6E7FFBFAFA52AF9917372"
"src\modules\videoReplication\videoReplicationGeneration.js","12876","0CDF60260190AC9213FF975BF2BA84672F8E446AB81E9EC41916D8B6A56D2D1B"
"src\modules\videoReplication\videoReplicationPresentation.js","42652","6B9B534ED6E4E02C9E322828400B941FA905058E3D464FB96CCF886DC750B0B6"
"src\modules\videoReplication\videoReplicationProject.js","14457","9D939FA6726AA9647CE71582BC939FCDDBCDE1F66764DCAD24AE7936809E5533"
"src\modules\videoReplication\videoReplicationPromptAnalysis.js","9515","AFF81B6DCE9DBD8E6B063A1DBD8F04D2D14487EA9A4A7D9F0C0D352699324E19"
"src\modules\videoReplication\videoReplicationStudioAccess.js","1289","DDCBC37B2F3FBEB7D8BE1C6E582D21A08E7B6B623457D5688037C2169D9FE34F"
"src\modules\videoReplication\videoReplicationStudioTerminology.js","1358","7F872E5A13CD1133FB43DE280D0303EB4559F354B1F40F014632435D0963F1B3"
"src\modules\videoReplication\videoReplicationWorkspace.js","23268","9CEC16F085A69C76F05DEF6C291A19A09919582D360601E1A15703CE5332922B"
"src\modules\VideoReverseController.js","9159","D669474F84DDFF6F03FB62B8F14325478C8B498B0460D2378D17677DBE3ED09C"
"src\modules\videoSyncPlayback.js","24323","FCC866A76BD43DB07C1FCB2A76D5E0EF749E6B6B65F8320FC4DD1E28E8527779"
"src\modules\videoThumbBackfill.js","12285","849D454AED6AC30DA85E1630929CB7AE7F8955A14DBD8446A356906647164170"
"src\modules\videoToolbarLayoutMemory.js","4631","0612FC663464689C07E6BF0AE908552CB12B55F55C7661EFF3F5A97842B63FBB"
"src\modules\volcengineSpeechApiKeyGuide.js","11045","A3DC708A4D68ECB98696720E00278F0AE7F46BA5A5C54ACA575458740378A1CB"
"src\modules\webPreviewCaptureFlow.js","55326","E1E252436BC09B3468120F6A4FAD255543E78CB97D35F472A5A8BDC0B925A9AE"
"src\modules\webPreviewSizing.js","1680","A52ECA24EB661E5AE383F9CD683747DE99DC1D4C8F4F4DF29690687175D17B81"
"src\modules\webPreviewTabs.js","12518","E938CF1FC60788C8B658002AF5EE3A4E614F3E3E6752A317D8A5CA96BEE7A352"
"src\modules\webPreviewUrl.js","4352","44B0CB45A3DA444511FC2E3640D4FAD89B12C56033B37C235DF160F0395DF77B"
"src\modules\whiteboard\whiteboardBackgroundInput.js","12953","0538B009FC335DACEA9B8D93D230CECD453C831BA350A09C79A4141BC9E85DED"
"src\modules\whiteboard\whiteboardBackgroundPreview.js","1432","E96EE34B88CD99BCF5C48D7088B45E42FC83293D0B44C56FBB067638489A4630"
"src\modules\whiteboard\whiteboardInteractionGeometry.js","9324","D79FBF89CD1E82774736D512681134A43E729C5E4A7D04718C11D35D05196F93"
"src\modules\whiteboard\whiteboardLayerTransform.js","13020","95CB8BE120AFFE21010D9290063657CE84235B45CC78A6AB0A522F389C8AACB4"
"src\modules\whiteboard\whiteboardNodeData.js","15095","22862595B465BA716B7B7C299C74CBB816A5D6CD2BAA93D49CC0F01C9E18BDC0"
"src\modules\workflows\workflowCanvas.js","13045","3D639469A9058D364C8A492F995A5E9C06088FB73D7B1D66F0BDCA0AB68CAE11"
"src\modules\workflows\workflowCovers.js","28172","2703BBCDDD1C59B049D48418431145F90BF3FEAF28EB52CD426718576A018D94"
"src\modules\workflows\WorkflowManager.js","72314","AFF89226609F675B8AA5373676E0C5EE8CA67653659422B4346D5F0A6EA0DC2A"
"src\modules\workflows\workflowPreview.js","11768","1146D217136B4E7187290BC52D5BF53E573E66A31A8E8E23B304E37B50359CA6"
"src\modules\workflows\workflowSaveAnimation.js","5477","94D1A74953B22A8914B8C9F6D1D5A3B8F279B5E91F26EF5BE5772BBCB604A831"
"src\modules\workflows\workflowSelectors.js","4640","3C7274419F1E52DA3BA77348AE899BBFAE300DEF6E34B47F96BD60D5F55BB682"
"src\modules\workflows\workflowService.js","4694","AF0B73BB8695C6EB7D0FAA6B687FE145800E1372132DA455D185A49B4075F905"
"src\modules\workspaceActionIcons.js","3771","BFF59EBDA619819F42473199E72BDDCC3A4113EE96F7883B6F44CE7574B54543"
"src\modules\workspaceAssetAppearance.js","2851","48A0DE9A25F59607544B8464EEA26073A3C71EF0CD2A01607F0FF426211FE07A"
"src\modules\workspaceAssetDragPreview.js","2953","9791ED9531B46913F3DC5369C1273F0A33C61F1A3EB1888969EF30F7167004F2"
"src\modules\workspaceAssetHover.js","2036","3B9A18796A60358118DE33F96800ED76B36A328974ADDFF68F58D3444FF86A4D"
"src\modules\workspaceAssetLibrary.js","13552","A026327C259F1911443DA4656F745C8173EADEDA1405B1A65C8AD69530BBFF66"
"src\modules\workspaceAssetPresentation.js","16266","22B205E2C5956036D669D94F193BD1C7629521539FE9CC975B95E67F66F05DBE"
"src\modules\workspaceAssetPromptPresets.js","5001","44DCF8597AD6DBFD7E9E0CE2E05F95DEFC68BDD7C62C1ADF7094A23712874DB4"
"src\modules\workspaceAssetSelection.js","4496","B6D658CC990E7CB43FE7F16D1D818707B4DAC4092A7C5F2D44C9FC98FB379F96"
"src\modules\workspaceAssetSettingsShell.js","6092","B7D0727EF60B2E933BDFB889B353F405CC3A827B9C4A818F317F8C8871CDE68F"
"src\modules\workspaceBetaNotice.js","4613","E877C393D6582B345F3CF8B6CF891675A1A80EE458AD1043B1C2204B9ED02862"
"src\modules\workspaceContextMenuGuard.js","1280","E021E91E16665C0C0E235DAD3EA61CED80571087D486A659C86C649E693E46E9"
"src\modules\workspaceEntityContextMenu.js","4861","236AF600DCDC9BAE606F917C9BB058820661E97204B0F4ADC4E2CF1C06BEAE3A"
"src\modules\workspaceHorizontalWheel.js","5078","DCBA36C555DDD9D87AA742802E5FD18CB31A93921FA4366821C95B5754399D6C"
"src\modules\workspaceImageDownload.js","5741","1BDC38D58BA140FE0819A11DBF23393963AA642EE371C87737D2129DDEF5729C"
"src\modules\workspaceMarqueeSelection.js","12461","3E7AC1B5552DCE85E020B797A2A71222176C61D3A810D0CA44EB38117AA7E934"
"src\modules\workspaceMediaHistory.js","10439","878ACF9749911CE350F87F5418ADEB3A60BF1EDA9CD8AA60D6F7F25670656FE4"
"src\modules\workspaceMenuController.js","6280","F05F75FCCA253D127F139C27752717C7F7822C98A3E2D37726D67A81D7CB4031"
"src\modules\workspaceModeCoordinator.js","22983","1B6754650DE38B19C569062823C72CD1CE69BE23C1F085B59A86BBB55EE945EF"
"src\modules\workspacePageTransition.js","10426","1642AFDCBB4DDCC15FAC70F180F9ECC8CC731218299A83C505877FBBA5BA71B1"
"src\modules\workspacePersistenceCoordinator.js","6302","981E5108881FFA6754D87E6363DA62706524187BF95A37C62CA5DBD4B81BC275"
"src\modules\workspaceProjectHome.js","15992","A37ADEF0AC4AC52DC192FC2E61B8EBD1A4B67263E81EF9BA0215EEBB1616D6B3"
"src\modules\workspaceResizeSession.js","3477","5F888902D1CF1F234391D96B27363985B41B3B237EC478909C2CFD95E90FD394"
"src\modules\workspaceStepShortcut.js","2660","A0530DCA4973ED8F8AB0D9CC4E233FE6BBDEDC650DCDC5A35784A1AD6DC8ED2D"
"src\modules\workspaceStudioModes.js","1490","3B30B2493CE30FCFFF6BF6787AA94F9E59DC7F472598786E8CE2FFDC1CC1FD26"
"src\modules\workspaceVideoPlayback.js","6937","273D00008F16B1F986A34A729D7222CF5F1A855921F8B3408EDBBB70E097799E"
"src\modules\workspaceVideoPlaybackControls.js","6596","18B249AB3C3EBAE84C0DED5068E99003461A890952D83B1708AC514E2EF39638"
"src\modules\workspaceWheelNavigation.js","5333","537E6123E85D17C5EE8B2A2E797C05CAA044CBF4E7B291C287DC1004D5219059"
"src\services\aiDiagnosticsReport.js","20504","D632F7E3CCEB6D641254435298BAC28B5F8745A488233704DDE9CA568D950CB0"
"src\services\audioMetadataService.js","4235","CE5D9FC98F1E0722535205F2CF62E7005CC7D253DFC554A325F613F5E8310075"
"src\services\canvasMediaLocalService.js","22726","D1183EBF064204BB74796F905B5A240453E0F2C6775251E799364DA8562C6CC9"
"src\services\chromeShellStartupReadiness.js","7648","1BF36B6B77F3C20EEB347ED467924BFCB67CE952F574AED45BB282C25B9A6600"
"src\services\completionNotificationService.js","6865","DD99FDC8FDBD72EAAC9C80553ED1AFD1A287F431F0DAAFED2DAF2AF7178F2DFB"
"src\services\completionSoundService.js","8692","9D106A292DB14401EEEDD539B939E1E60EB5180347A45D8C2A366798FA82D402"
"src\services\desktopBridge.js","45416","6C1D5144BF9D420403D741798BEF83F362CD38F029943F95A951899C970B7622"
"src\services\desktopMediaBlobSource.js","12079","034E14D77BA3E1A4D07315D8FDEE9A528F64691841C4FA674878A319B7EFB3C5"
"src\services\desktopMediaWakeService.js","2243","1C0413647ECE5D65268334ECB8A64AB00233EF3B4E8E2F14475B1BE3D90D0538"
"src\services\desktopProjectFileStore.js","18429","B2E41A141BFA21C1591830E0A6681D6FD1685A7B59613E9A8804D40168708F63"
"src\services\desktopProjectService.js","7230","2D15EE28A4CD3E74D1B39B20526EA73A4C8746099B100B73DAC8CD1F0EE2FA9C"
"src\services\diagnosticsService.js","11685","2D3595D03095E9BDDE525CC8A242B28446C57AD7F2E6C4B43A3B32EFAC6A186E"
"src\services\downloadSaveService.js","12181","A2FD683A857A4ECDDCD6C95C23273C2AC0802680D12171168F9D412A901C5308"
"src\services\dragImportDiagnostics.js","2925","CEA0BA173CEAF30CEBB4B5252FBB7C1DE607043E6C4044A72CB3EC688C556268"
"src\services\externalLinkService.js","4440","5EB65B204501DB7D0F72502BDD244A3744933CDE15D9434B4A700E8B5787196F"
"src\services\fastImagePreviewService.js","9298","6D465AE67E769BE8822D38EEE4AF49AA5BE525B90DB450B9C458246374E9FCA2"
"src\services\fileService.js","66417","8A7099CFD5370B8545BB9051015D00DF1E2CC65497BAA00DA54A09BB1AA8BC79"
"src\services\imageDerivativeService.js","4262","0B3BCBBBB603B90B40D10D35BC777FF5F5180586145DD702862D6E9644D42F75"
"src\services\imageInputUploadQualityService.js","3692","F8518B200F525DEA283680C02009CAB986C4AC9E76385E5D1151DEB9427A438C"
"src\services\imagePngConversionService.js","7040","641E3E395C471D26269D9D23ED6C457474F2915E1573100376C166C02D76AFE1"
"src\services\imageReferenceUrlService.js","3191","2F915D9361FA47C43051EA202B8C423BB999CDBE4198035DE0A12068E4497D2B"
"src\services\index.js","2031","BF44C282177F8C569A0DD0FE395C501D5332E5FD6EA3182A9B4D3D3DA8C4BB19"
"src\services\initialThemeBootstrap.js","1191","3693AEBDE9EF7493386F73B91B5576D50931FEBE9FAFC27A8A93C6D967E76484"
"src\services\keyboardService.js","16805","13982E83110653371943C5C581B2587CEEAE3AF48A00A7B5F8C0E95B011DBEC6"
"src\services\legacyRendererStorageMigration.js","9834","FF239E013C139F2DCFFD6290FA2FCE3D5DEBD80805CCCAEB188AAE698F68E4E8"
"src\services\localAssetCleanupService.js","4940","28645FA72AFDDC2F609E42D67862E8D6B9375C1DF3BC762CD6A4663DDC87E978"
"src\services\localAudioPlaybackObjectUrlService.js","5504","7019541D3A53D86D1287684BA0BFC9349C596E5076E2F400CC25130457E6B6A2"
"src\services\localVideoPlaybackObjectUrlService.js","21319","474AE37C0DF0FBDCF711FDED9F1E9F31A9B15BEE5FE89D04BF0B01AB2F20993B"
"src\services\mediaObjectUrlRegistry.js","4218","83991256592DB25E65AD5D1D90D718C52DA68D6D8F7AE503CEB1B4B8328B0F37"
"src\services\mediaRatioService.js","7202","A7428B9ACF22FD5C7972333C78BA957EDF4EA3DD7BEDB42E9EBE167EBFB287C6"
"src\services\mediaSizingPolicy.js","1462","C2EE9C8C523F49D2989E2C9986D9ACF004D559423E573C39D36D1329FF034DD6"
"src\services\mediaTaskService.js","24947","CF638E83AF504C9A12169CFF969E7BE844CCDE8799D648E0C2FA4C675AE014B0"
"src\services\modelGenerationReadiness.js","21016","960E76AE10A1A96527BBA5CB57EDC16E3FCBFE5578AF3A7163FF3775CAE555D0"
"src\services\nativeFileActionService.js","3402","CE16D30142D142849116E35759A3150C7C2F88AF397BB551144AC556EFDD201A"
"src\services\packagedBrowserShortcutGuard.js","4836","C696B8C3B8BA89C3835741E9441B03D354C982C9D539FA6386CFD0FC6140F98E"
"src\services\panoramaInputImageService.js","6409","7F04A16F7BEC854350EF1499EBD2FABD18DA3842DD7B53868D24A53806E17AAC"
"src\services\payloadObjectUrlLease.js","2645","E69E86608CCB3DB5B05570FA6E6517EC03799D5AE9D43889D4281FE2A1369CBD"
"src\services\projectService.js","30543","B2558E1A48BC5A9C22EE697F6964F78D18BA401D35D0D24B7F8EFFB032B51770"
"src\services\providerConnectionAutoVerification.js","4025","E30A58438040CEC5813FCBC0CEFE591F24346A8B347B31F875006E5AE5E6AF68"
"src\services\providerConnectionVerification.js","10210","463BDEAA69052705F41DCD606396219202BECACA88C12B8E275E5D7E19A3925F"
"src\services\smartClipJobService.js","11139","3173C503805BA4A0A0C04AF9B5F207364CE9688214B80E11478E5BA1F48C44AC"
"src\services\startupLoaderBootstrap.js","1247","86568ED56E237A72433939EFCF2A850D957E929A9B1AE98E7B0D443994A03D19"
"src\services\startupLoaderGuard.js","3764","C113080ACF24D23E2F3BB7FEECB44ADB2C8BFAB17BF0B476D5D88C21287727A6"
"src\services\startupVisualReadiness.js","5340","05D5E35DAFBA0A746AF3F2488A5D88DA5A342F5EC2AA7D9F1DCC948994D1CB1E"
"src\services\storeRuntimeEffectsService.js","20322","16EFC74B8091557B7CE406FF4BF000F1D3A5C0497F1488266B29C59D6DE0711D"
"src\services\thumbnailCacheService.js","5636","75B19D42E82EDA652013452D49430D700E0116302EEB260AB214E177DF18D561"
"src\services\toastService.js","6309","3D43A4D99180941850BD61A61626BD048D7A760B790F043F2136768CE92587C8"
"src\services\videoFramePresentation.js","8918","46FB53BB599193228E298DFF30AB79510676B823C0A361EAF18AE1023A46EAD8"
"src\services\webPreviewRemoteInputQueue.js","2984","A38C6951B9007B3038AF12D4E55BAD97B7E59325BFE8174E4EE9B369C1154EC7"
"src\services\webPreviewStartPageService.js","14893","EDE83FA5179DE50DF325A6FD544A39972B503D6C3BBDB1D67E915909DDE92096"
"src\services\webPreviewViewSyncService.js","47516","4095C373F370AD87F09B53703964EAAC9AC6C6329370CDDDEDAE7C84ACFB9037"
"src\ui\rendererUiEvents.js","31039","A4F21CE1FBB367AF7F0F7918DF5C1924B2FAE8E5B7A905207208724D6DAE0D52"
"src\utils\arrayOrder.js","1532","08E995DF81343EDD8B18AD1DDBF2067408255739C990DD1898F2C7F31621B23D"
"src\utils\audioPlaybackProgress.js","8617","F24C885F9EDD71A27ACEB996E5F25FB9EB1A51804F3E5E1B3261C4217F255BED"
"src\utils\audioWaveform.js","9039","E0A232971D5926DBC97E35B4B609B37B547EABA6925EB4D11E0B447309553904"
"src\utils\canvasProjectFileNames.js","2552","71719253A6CFFF3BFB7595B5380C6A39B73AFC186A32C3135E3E776311B4892E"
"src\utils\circularRevealTransition.js","6096","353D407D98336DAA9CB0A5AFA6BB3AC5C103BD9B70548476F72AD4D5B8B252BF"
"src\utils\constants.js","5568","B6A17724CE230843866D082BE2426C42D73DDC982188F325F9814E6E9DD927C6"
"src\utils\debugRequestMasking.js","3748","A76211CC606C4F2090FCE41F24D114D677FFDF4F393C9C4B3631DC09910206F6"
"src\utils\debugRequestPreview.js","3656","7F9CD8AD84EA9F306DEF0220DB7553E23A4AE9827ED55B24FD281A980996E8F7"
"src\utils\dom.js","30668","D23340CA20AD8615550B30D82A118595CB01DCC0E5C01839C04891E80DFAEF8A"
"src\utils\format.js","5423","6419B986B37BA4BE8280F585FBE35F40E4701CC4A629F2DA8B34B4C3E45C9C70"
"src\utils\localMediaPath.js","6107","967A9A0E7F4890036A32B36980E228838D8DBEA63530B678F51F7743E6539589"
"src\utils\stableSignature.js","1684","AA6EF2AF45D67B56460DE47DD8986634563CE04A86D73EFF6B3A45E9A8D61439"
"src\utils\submenuPosition.js","5743","D36B26CCBE9AD54AC796B58828940D9A3A60DC543144FFA41371A471A6C466B8"
"src\utils\thumbnailPersistence.js","10414","839F6C40547EDAB8B2BF28A2DA0215C0C2F39FA3C70A652C77788F11854D8691"
"src\utils\validators.js","6225","681F723C32109E6E26AF8D77B44FF1A04E5A219402E83EAAD12B1D685B9E4CED"
"style.css","1393127","EB415C968DEC88FC84DCD068E586ACFE9D775F0BCEF4177FB2D89F39EF284107"
"styles\agent.css","35859","FA38244D555C69426803317C21045A15F0E4857FF70F87F7B6C85B7ADC0F0328"
"styles\animations.css","3040","98C92B1BF2231760A9A70ED2BF2B583C70A84FC0E3F9782D7A4EA71485F4ACD8"
"styles\assets.css","48877","E690F10B228BA5C818BFD9EB1940D16D111F9D4C289087D1E3777D9EDF8EC8E8"
"styles\audio-voice-panel.css","41864","B90F69DB90C19BF2FC4D169AAFBC12C409E35486B6C0BAC63669D0E91ED22B57"
"styles\boot.css","10090","9B8A037A88EFD4DC2C74D4B9F30660B308E44BF8A0A59C7B6852D892CC7A6B39"
"styles\canvas-screenshot.css","3421","69D2FEEAF808447473D5FC0553E4442C44355312EBAC2BD8D0BFADD203BA7632"
"styles\canvas.css","30943","9847E369DBD686D57C99DF049A247F70ABA3FE358AC6817A6C3DD31B89353B45"
"styles\collage-node.css","12145","9C05AA7DCB77D122450B68583DAAF880895D53DB5055ED480D6AA5148A100F3A"
"styles\cursor.css","3196","5F1C5EE25A63CF322AD766E08ADF43261D54C9154C2943C6F9EC0DC84ABC164C"
"styles\files.css","9267","F37ACAF3510721A547BE99AC3CE8266C5E3B4D309275A19BAC68C87D38B7D5D1"
"styles\free-angle.css","4587","AE506C8BDBCF01954A743413CE2F256298206805D207B0BC799F09FF43977774"
"styles\image-preview.css","2238","D0A3E4375041E4F21C1D495C9FA5FBF3EDDD2C307E9E33008F61764431290327"
"styles\layout.css","84261","5D930CBF9C1BBD03ED14368EA0CBA061109279AC424D29A357149EF9B69C5307"
"styles\material-comparison.css","10869","3F89A119E9945CC0DF2329705B768523F5AD33FA8BDDC3EFF1BB3507F6BA1B30"
"styles\menus.css","25801","8447B6689E3E1F3496A8C73010558C8C737DD00F7402213EFCAD33399E1E96FB"
"styles\minimap.css","8314","F3D7FC20F69CF4AD4190D625B6133F32234C63EFF0303A249DD81DDF3B4F854A"
"styles\modal.css","13358","80BF6E367D72D4396FEA6A8CC3D65CDACD31D0999C91B9CB56EBD4D254D0FD91"
"styles\node-base.css","53340","229BA9B68EE5FA81F809A2893D7C48D5D979826A50D73B0AD37016CD4473D124"
"styles\node-manager.css","16393","0F2DD4FB1AD1D2206B3DE993A2C43F059F8ED609E8C2A7A9176B55BEF631938C"
"styles\node-types.css","156175","9D58A14FFBF39210ED9E22CFAA4C83625C0CA4EB8685ADBE00383FA3A4376285"
"styles\node-types\audio-and-debug.css","5403","88DA2C4F8A657E2AF30C7C7B2BD9DBBE0CAD76E5954F267741E72AF95B1068F4"
"styles\node-types\canvas-settings-and-mentions.css","12916","BAEDD9F3B9AAE8CA46288E2FC84EC6CC9F2ED79481CDA8CD2C2C27AF76276DA4"
"styles\node-types\generated-node-panels.css","54183","ED4D525D9D09D8D782DD094F3DD1E52AC3E1A3D07EAD549068458856268703C8"
"styles\node-types\generated-nodes-base.css","41582","1CC0129E75002D171651E3699153D8B22C88371D4BB19A89BD8FA9C7448F7D3F"
"styles\node-types\media-clip.css","30163","9F87DC5549410463E9D8A85DED0056203C3BAF05B7E3BF954F4D9C56BE6900F2"
"styles\node-types\runninghub-instance-control.css","342","E028649BBD902BBF9F9E819E974A8705D05964A7C275F72E8747E038D1519662"
"styles\node-types\storyboard-node.css","7747","A1A374D07EBA504E2F9E54EB6A34A22613D83D8DC627EA82F2E2192D708C1B53"
"styles\node-types\video-node.css","3839","A4CB4B60569B31046CB4FE20B41002F559CDB5F08E5F82D7260488E1E6F01AA2"
"styles\panel-resize-handle.css","2502","EE818BD3C8FC76C396DBB289EAAA779495D2BA31534C4B72B41DF66B25913D12"
"styles\panorama-scene-director.css","6038","2FA8FE796918B23985C9DAE89D16EA7EDBA44DB48B76AFA5DBFEA17E7C907CCD"
"styles\panorama-scene-node.css","7850","D7CD75A2751C609516CCB5E509C199295C4C943B8FDFE05F2BD3631F86DF4B86"
"styles\panorama-scene-popover.css","11515","530F399DA1E7409FD7108FDAB3F487C90115F10C1941C04959A51DDC998A7151"
"styles\panorama-scene-toolbar.css","9366","8E6C4D42CF6B09C8A089FD20335E15B278BCF822BFDA7E736555982E63A2CFB8"
"styles\person-replacement-workspace-v2.css","145842","D68135CDC0C05E95DD28443E6E461073AEADAE601F20EA4B511731DF4EA6725C"
"styles\person-replacement-workspace.css","40112","5F296F840941410904D0291D63F8EBB9F0D2FE5E0087F769AFC0A213D2517603"
"styles\person-replacement-workspace\asset-and-shot-workbench.css","27614","89B48CC65175D9039411A390C76DC2AC1F22C5FCB7DF0D05470F20D8D19F44F5"
"styles\person-replacement-workspace\audio-library.css","3690","5E9E290BFEDA4E9966A60F9CA9DD5CFE1459F1046D4FA092B58B931400AD52D5"
"styles\person-replacement-workspace\crop-actions.css","2806","4EAE359703EEE58F17A7C6CDBAD2F795237538EAEFF6910354D6C42AC71A80F7"
"styles\person-replacement-workspace\image-result-reference.css","1011","31CF081DAF488F1E7DD5446D11ADE27E18F89188D1810FF79580809C27B01A4F"
"styles\person-replacement-workspace\layout-splitter.css","461","B4D50849EC41E107D8614560EA480DDC6320FB970D8DF2B745390D04F1029D5C"
"styles\person-replacement-workspace\manual-box-and-timeline.css","41552","3171A478D76609F1EF6AC322811B87D5D34E21C57DE4B419728624BB3B95BEE0"
"styles\person-replacement-workspace\model-menu-portal.css","1297","E366B072EDA2F1A7AA63663160475BEDD546F62D08F76371D11C5BC4A36EC879"
"styles\person-replacement-workspace\responsive.css","21536","52AF6189DF2690BFF0BD2D2162ADCACA138476F9B202E8182667870A04173058"
"styles\person-replacement-workspace\shell-and-home.css","21622","6EB3F6D703F7B09AA0FF976E0417FA06FC7BDBE286A45166F3533F3C70721421"
"styles\person-replacement-workspace\shot-cut-timeline.css","4814","2C0A77B3C65F186704AD8CA1D5399623C41E6A7A5FBF12CD4C09792E41DC6E3F"
"styles\person-replacement-workspace\video-reference-inputs.css","201","BF4FC99DA34A5E224325B3AAF05F9EBC59CB48DB67AFC889CD9BD277238FF3FA"
"styles\person-replacement-workspace\video-stage-aspect.css","716","E499D8450FC9D3D63AD8D51FC82C1186164AD7FEDD2E202BEF20187BBC730511"
"styles\person-replacement-workspace\video-voice-and-composite.css","26178","575ABDA7CD0C36971B8DF9573DC46F796F01190B6F42171CBDECE1CA3EC415BB"
"styles\person-replacement-workspace\video-voice.css","33518","BEF21B53ECA0C830FBB5061FBCD08604447FD5F4D233DCD15AA6769085450676"
"styles\person-replacement-workspace\voice-source-audio.css","6423","8F94315FA9017BEF03CEDE30CCE393DA1714EA9B1A7B2BD3C76D18B5BA3E9D78"
"styles\preset-menu.css","7618","EEAEFCCA7FBA239116E5B4DD85D5730727C635C3D29F769B3CB794E116964ABD"
"styles\reset.css","312","9009680E93CBC9ED815F1CD095885BB4ABC19578053B512BD769EF1040C81BF8"
"styles\responsive.css","3037","537CA0863CA6B37F8C1E5A9E4D6280B409957A3B23258EF038970E83DC96591B"
"styles\rh-ai-app.css","56468","B1664CC29564E7A13B08EA0223943C9E0E4A10C80A908F26E49FE601C4BDDCE3"
"styles\screenshot-overlay.css","5614","9B3D10E10D65E5258C5DEB1F298A0A20DBB9696D406D5C875E7C49CCF40614B8"
"styles\settings.css","65009","3966830F0CB2005FBEC3CA3988CC5D651A3616B596932BF1127622D78FAA57F3"
"styles\story-workspace.css","219763","A1DC51F7B228F6EDFFC0C54992E6E71D8E36B212612B8F885D28E9C96B2CCB19"
"styles\story-workspace\asset-extraction-recovery.css","889","9E5C38FF696CB0462F7C80ACB778D2E8A7FDCDE42E8B8FC61B469327D8A5B881"
"styles\story-workspace\assets.css","50812","ACCA2EDC69D79E482F07D99834B5EA74BA89CCBEB03BF663C09FCD75B1B03FFD"
"styles\story-workspace\async-button-feedback.css","312","BC25A362619E7B7DE31190262A305D1DDED28004DC39530626A710441B55BFAC"
"styles\story-workspace\clip-production.css","36890","8E39DCDAFDAFC107FBE4984D813D56877A4DE89CCF6D4292528B5BA686BBAE2B"
"styles\story-workspace\clip-prompt-adjustment.css","9533","9739D686013F818858B15E6849A91AACC895F16D83A9CB28AFE5599D724DA079"
"styles\story-workspace\episode-count-picker.css","776","C62FA9A98BEED11338CB64D77160EF8C5F84659DC52562553DC043EFF6C3E966"
"styles\story-workspace\episodes.css","31458","54D34A2ABF6123F87507649124B9010532A25668BD1C80A8CFD0CA0D2C105B27"
"styles\story-workspace\home-and-projects-tabs.css","2213","633DF8D3960C9D3BC844758CD3BE535A3169E158141FE670014E13A459212EE7"
"styles\story-workspace\home-and-projects.css","44228","1D0E0F5FB9AA1FF2122EE558CF34CC154CE3D542032A22A55FECEA9B5E3D992D"
"styles\story-workspace\home-control-density.css","344","4D02AE259B87DFFDE691E78D73E7955A3E12AD4823D78D122C14B70F2D223F66"
"styles\story-workspace\home-creation-reference.css","4585","EA9EB3C77A18E98DCC768EBBD7A3220CDCDB52B4F5C5296DACD1976EF0E8669C"
"styles\story-workspace\library-assignment-menu.css","2710","22EB5AA5310B6BAC99C0A65A457F75DFD0ED8B7D374898F7B364BEFC003A70F0"
"styles\story-workspace\mid-width-responsive.css","9897","909AD9E5319A542A16E821F724378F9E6BF8683A9247E1112720AF6B990E2062"
"styles\story-workspace\model-menu-portal.css","1522","1504A6C5CF3A463D98966BD019E9908D17EB78DA4D9D31A7972A1118C358492B"
"styles\story-workspace\planning-and-responsive.css","29203","8F61BE2FA0060C927E73190C148D72415A145510298F598AB10A9BD6AE0B7677"
"styles\story-workspace\planning-bundle.css","29979","F958DC4FF0732A319C5A49ABFBDC42C69098B9FC72CF79D50BDB4287F60E5243"
"styles\story-workspace\shell-and-navigation.css","26396","D69745077A64EECA037962421CD1D8BCC5B9661C0CEFA5467689D33B997A3EDB"
"styles\story-workspace\video-replication.css","9269","08E02CE5C6CD0F010DD048BB29F2396B207765CBA3D67E2A98989A8374BD205A"
"styles\storyboard-3d.css","112696","B77CE4A709346CBF68839E21DF67BAEC37DB246D1134F761203645BD4131235B"
"styles\storyboard-script-node.css","15873","C82E0C61992CC9180DD82C3B14F819CD0DC986AC0D6D5E88988787A286D58311"
"styles\tasks.css","6722","0AD75207F1E01F260662446673C2C85B9465100C9D054D85A59CFE6397E7B8D0"
"styles\themes\dark.css","20377","94C492426453CC28D218DB529C48F4FC3E35FDDC33A1957CB0F21CA6B8665074"
"styles\themes\light.css","20189","AF7AC4BFC47B3DF4DD76D2202EDD221C4E6AC2150814AC4BCB16A17002C5E1BE"
"styles\toast.css","3125","9621D261034E1A2FA4A732DA963FDD597CFF08027FA4285B54909C7AB500FD2D"
"styles\v2.css","33660","C36BB528FFE6C9624539D4CE56EA2D3CBCB7DABC0F7744EF624516BC6238216B"
"styles\variables.css","20891","8BB962C7D18000B66EDE298695330DE02DB7C353AD42479F4CB388B849A4CC9B"
"styles\video-replication-workspace.css","5736","18AC5DB24AB60C43E4A62A2A7343002F20C133F31AF4DEF3EC239842E1D51FFE"
"styles\web-preview-node.css","17157","3F5F33481E3E920F815A8187026380BAAB3E1551DE01A090C9A5AA35E385223B"
"styles\web-reference-card-node.css","1729","5DC689C6544EE1950BB85CC519ED875D0D91E81507CD478FD13938D9612678B0"
"styles\whiteboard-node.css","11129","5DAAE04D3F0D63B2EB98F70ED8F30FACDCD707D8852B5C6C478D0A8E247FE49F"
"styles\workflows.css","19413","712D2F978CA89624DFD491DBB1CE24B3E1095237AD00D9D1A36B1D1801D04F3D"
"styles\workspace-asset-library.css","1604","92647862339DEE45F9712DF91547375A2A342B923069E0ED640F3ABF3647667D"
"styles\workspace-studio.css","2910","C9C97B0DB4D8E6EF0236083E61C108FDC9026DC9071013A609F3DB5C541B30F1"
"vendor\mediapipe\tasks-vision\LICENSE","12331","8707EEF0533987EFC5B155D64761EEB6E20793F50B9BD1A68DAD1CF4719D0ED8"
"vendor\mediapipe\tasks-vision\SOURCE.md","638","D86A0456AD6839606DB601A5283301AFA863F23864AF0F7836558ACF18EF7E5C"
"vendor\mediapipe\tasks-vision\vision_bundle.mjs","136993","55D7AB624FBB70DCC5ADC4AE6D7EA9CFCB569139D3DBFBF2B1DEAFCB966BC0FE"
"vendor\mediapipe\tasks-vision\wasm\vision_wasm_module_internal.js","322082","1F1D6215324A1FE62F6742D49A3DB911170987CA18AD8C1B75F1A1C82ACF2B44"
"vendor\mediapipe\tasks-vision\wasm\vision_wasm_module_internal.wasm","11153641","617B8E0248DBD27E9D7ECE4218004EAE4CEFB499196D1BB4FA0E3FEF21708756"
"vendor\three\examples\jsm\curves\NURBSCurve.js","3786","ACB7CD02E4F3BEE110AB87D2736312BA64AEF4AB61E1BA5B44AA31640D5CB440"
"vendor\three\examples\jsm\curves\NURBSUtils.js","11295","15F75642650811BE426FADE96DB68627C070593A4C5F2C02E25DBD85B611239D"
"vendor\three\examples\jsm\libs\fflate.module.js","79374","2D39BC1400D8A6E88CC3085785482D085A501CDBF09A024A73421202ABAD2EF0"
"vendor\three\examples\jsm\loaders\FBXLoader.js","97842","6ED7E9C3897E8EA3EA837651779948767DCB6C65B5B5F380DB009F58A230686D"
"vendor\three\examples\jsm\loaders\GLTFLoader.js","102617","D5D628A457700D1854AC1339605E7F1F5FD31789E4C41DB6D9386BB6D7540A0B"
"vendor\three\examples\jsm\loaders\OBJLoader.js","21201","7F61BBB9F8003D46073B6FD496D80630EF5F3940E98348A6C7412183B946FD5B"
"vendor\three\examples\jsm\loaders\STLLoader.js","8281","E1EA7B36405BD548FB68C06DB80233F2C7DAD39C5B4ED177CBBD7E28ECE68F3C"
"vendor\three\examples\jsm\utils\BufferGeometryUtils.js","30769","6EFF5E2401CCBDD9C7462888B748C11AEA3CED6B8A529020AFE17E550D7FC215"
"vendor\three\examples\jsm\utils\SkeletonUtils.js","11310","B365BBE6CAC34031F775F57E2A8A3F0807773059D0E459A9A8F417B20E639610"
"vendor\three\LICENSE","1081","BFE119EA4FD413F5F7CA3FCD63ADB0C4A073ED39DAA2FE7D3E6B769E21272601"
"vendor\three\three.core.js","845262","02F81E619EF0497AC43F07937BE33DCD6AA32E8E6FDC0C8AA1650173B3A77A07"
"vendor\three\three.module.js","617397","F9BAF62B8A2FB4FA555E1E51C815E0CDE66D6AA7A95E279C40840415E0D3C308"